-20269.86775815486908
-20277.38550853729248
-20283.540966153144836
-20289.284245729446411
-20294.753890752792358
-20300.027362465858459
-20305.142463684082031
-20310.128156065940857
-20315.002330303192139
-20319.783615946769714
-20324.482728838920593
-20329.110256433486938
-20333.673958778381348
-20338.180132150650024
-20342.630883812904358
-20347.034474968910217
-20351.395316600799561
-20355.717230677604675
-20360.003451704978943
-20364.255587816238403
-20368.475678563117981
-20372.669574737548828
-20376.836825370788574
-20380.979450583457947
-20385.09945011138916
-20389.196428060531616
-20393.276570558547974
-20397.338954091072083
-20401.385265707969666
-20405.418789625167847
-20409.433393836021423
-20413.433632612228394
-20417.421117663383484
-20421.39675772190094
-20425.359277009963989
-20429.31173849105835
-20433.255751013755798
-20437.189620852470398
-20441.112222194671631
-20445.027560472488403
-20448.936510324478149
-20452.840269207954407
-20456.735915422439575
-20460.625280261039734
-20464.508631348609924
-20468.385226845741272
-20472.256274580955505
-20476.124325037002563
-20479.988840937614441
-20483.848034501075745
-20487.703973770141602
-20491.555675387382507
-20495.404410004615784
-20499.248731017112732
-20503.088977932929993
-20506.925926327705383
-20510.763451814651489
-20514.595583319664001
-20518.426790237426758
-20522.255297541618347
-20526.085695028305054
-20529.913331270217896
-20533.740716457366943
-20537.564484715461731
-20541.388315320014954
-20545.209348320960999
-20549.027346014976501
-20552.848638653755188
-20556.670471906661987
-20560.488918304443359
-20564.304110050201416
-20568.121543407440186
-20571.936300754547119
-20575.751439929008484
-20579.568039655685425
-20583.380300879478455
-20587.194220423698425
-20591.008047103881836
-20594.821634650230408
-20598.635659575462341
-20602.446800708770752
-20606.263069272041321
-20610.078324198722839
-20613.895753026008606
-20617.709485411643982
-20621.52309262752533
-20625.338385939598083
-20629.156529545783997
-20632.970569849014282
-20636.790163516998291
-20640.604549646377563
-20644.420979380607605
-20648.23838996887207
-20652.05826199054718
-20655.875226616859436
-20659.692499876022339
-20663.513896226882935
-20667.332948327064514
-20671.153261065483093
-20674.97805118560791
-20678.799840927124023
-20682.624735593795776
-20686.447806000709534
-20690.267154693603516
-20694.091647624969482
-20697.91845965385437
-20701.745540857315063
-20705.570232272148132
-20709.395317196846008
-20713.220729112625122
-20717.047587871551514
-20720.87233829498291
-20724.696797609329224
-20728.522851705551147
-20732.351774334907532
-20736.177265763282776
-20740.007058501243591
-20743.83506441116333
-20747.66551661491394
-20751.49286162853241
-20755.319531083106995
-20759.147822618484497
-20762.981088638305664
-20766.811971545219421
-20770.642959713935852
-20774.471073746681213
-20778.305437326431274
-20782.137346506118774
-20785.970448613166809
-20789.805587410926819
-20793.639286875724792
-20797.470235586166382
-20801.305289268493652
-20805.142656326293945
-20808.979453682899475
-20812.8208087682724
-20816.658160328865051
-20820.497801065444946
-20824.337668061256409
-20828.175929307937622
-20832.011438250541687
-20835.848764777183533
-20839.685859560966492
-20843.52311897277832
-20847.36074686050415
-20851.200034618377686
-20855.037957549095154
-20858.878925919532776
-20862.71935510635376
-20866.562477707862854
-20870.407604336738586
-20874.249640464782715
-20878.09294056892395
-20881.94030749797821
-20885.783601880073547
-20889.626030802726746
-20893.468972563743591
-20897.315831542015076
-20901.160540223121643
-20905.005855917930603
-20908.850432157516479
-20912.694388389587402
-20916.538062930107117
-20920.384128093719482
-20924.231497645378113
-20928.076347470283508
-20931.921719670295715
-20935.771344423294067
-20939.620718121528625
-20943.465397953987122
-20947.312039852142334
-20951.157715082168579
-20955.008208870887756
-20958.858582854270935
-20962.707974195480347
-20966.556218504905701
-20970.40528130531311
-20974.254646062850952
-20978.101994395256042
-20981.953224539756775
-20985.807353258132935
-20989.655462980270386
-20993.503371477127075
-20997.353926420211792
-21001.206018805503845
-21005.058659434318542
-21008.909228682518005
-21012.76149845123291
-21016.612791419029236
-21020.464424133300781
-21024.315755367279053
-21028.1666659116745
-21032.021173477172852
-21035.87778115272522
-21039.732340097427368
-21043.587302684783936
-21047.441091775894165
-21051.29545783996582
-21055.149649262428284
-21059.005023956298828
-21062.861701726913452
-21066.719151854515076
-21070.575621008872986
-21074.433411598205566
-21078.290890216827393
-21082.144235372543335
-21086.001581072807312
-21089.855488061904907
-21093.713996171951294
-21097.572472095489502
-21101.426807999610901
-21105.285454511642456
-21109.146165132522583
-21113.001188635826111
-21116.863551378250122
-21120.727684140205383
-21124.589662671089172
-21128.446881055831909
-21132.301361322402954
-21136.16094183921814
-21140.023176193237305
-21143.881153345108032
-21147.740423798561096
-21151.60040283203125
-21155.46299135684967
-21159.319795846939087
-21163.183080554008484
-21167.043782472610474
-21170.899615526199341
-21174.759657025337219
-21178.623612761497498
-21182.482792258262634
-21186.344022274017334
-21190.205961227416992
-21194.067360401153564
-21197.928014874458313
-21201.79065728187561
-21205.651026844978333
-21209.514654159545898
-21213.378047585487366
-21217.238089919090271
-21221.101920604705811
-21224.964048027992249
-21228.829555630683899
-21232.692181348800659
-21236.556889891624451
-21240.417799711227417
-21244.28559148311615
-21248.151456713676453
-21252.011956214904785
-21255.87148904800415
-21259.737503290176392
-21263.600661039352417
-21267.464563846588135
-21271.332436203956604
-21275.193645715713501
-21279.05573034286499
-21282.920538187026978
-21286.782810807228088
-21290.645414233207703
-21294.5108243227005
-21298.376411557197571
-21302.237082839012146
-21306.099948406219482
-21309.965451121330261
-21313.831036806106567
-21317.698981046676636
-21321.569325685501099
-21325.434843897819519
-21329.30046272277832
-21333.16637647151947
-21337.04081392288208
-21340.905538439750671
-21344.774068355560303
-21348.644426107406616
-21352.509428858757019
-21356.376084089279175
-21360.239903688430786
-21364.105575442314148
-21367.972325325012207
-21371.840405464172363
-21375.708700299263
-21379.577352404594421
-21383.445529699325562
-21387.311240315437317
-21391.180115342140198
-21395.049100637435913
-21398.915447473526001
-21402.782995700836182
-21406.648471832275391
-21410.515995025634766
-21414.388728857040405
-21418.255775690078735
-21422.126514315605164
-21425.997487187385559
-21429.868700385093689
-21433.740991353988647
-21437.610066890716553
-21441.483482956886292
-21445.364904165267944
-21449.237226128578186
-21453.106765389442444
-21456.982443451881409
-21460.85221803188324
-21464.720366954803467
-21468.592748641967773
-21472.459014177322388
-21476.332144498825073
-21480.204837799072266
-21484.079024434089661
-21487.952503561973572
-21491.82150936126709
-21495.692349791526794
-21499.558858036994934
-21503.425782442092896
-21507.295969009399414
-21511.169337272644043
-21515.048813343048096
-21518.922626137733459
-21522.796297788619995
-21526.674070596694946
-21530.543822169303894
-21534.420973181724548
-21538.295175671577454
-21542.165703415870667
-21546.040459036827087
-21549.911142706871033
-21553.786684393882751
-21557.659021735191345
-21561.532558560371399
-21565.411621332168579
-21569.281245946884155
-21573.157686352729797
-21577.03079879283905
-21580.907671451568604
-21584.781454801559448
-21588.658119916915894
-21592.536158561706543
-21596.408589720726013
-21600.290719509124756
-21604.164940476417542
-21608.047988653182983
-21611.923084378242493
-21615.806171894073486
-21619.687194466590881
-21623.568289756774902
-21627.442885398864746
-21631.319896221160889
-21635.199585795402527
-21639.082101106643677
-21642.962674736976624
-21646.842366218566895
-21650.723886013031006
-21654.608298659324646
-21658.48617148399353
-21662.365763664245605
-21666.248058557510376
-21670.128114938735962
-21674.007496118545532
-21677.883928179740906
-21681.770404458045959
-21685.65358567237854
-21689.539931297302246
-21693.424137830734253
-21697.306365966796875
-21701.186184167861938
-21705.066011786460876
-21708.950115561485291
-21712.8391352891922
-21716.723057150840759
-21720.605791926383972
-21724.490338683128357
-21728.372022271156311
-21732.26034939289093
-21736.149702191352844
-21740.042510151863098
-21743.925901055335999
-21747.814938426017761
-21751.702081441879272
-21755.586109519004822
-21759.467604756355286
-21763.351680755615234
-21767.234363675117493
-21771.116982221603394
-21775.006085872650146
-21778.893322229385376
-21782.781294941902161
-21786.664833307266235
-21790.55336058139801
-21794.443792343139648
-21798.336980581283569
-21802.218092918395996
-21806.107972741127014
-21809.99304187297821
-21813.881784439086914
-21817.769736528396606
-21821.652370810508728
-21825.536450147628784
-21829.422892212867737
-21833.313232898712158
-21837.201967000961304
-21841.088526964187622
-21844.972995042800903
-21848.859857678413391
-21852.750529050827026
-21856.63793683052063
-21860.523547530174255
-21864.418116092681885
-21868.312895774841309
-21872.205518364906311
-21876.096515893936157
-21879.992737889289856
-21883.885621905326843
-21887.778315186500549
-21891.668803095817566
-21895.564306616783142
-21899.455291271209717
-21903.346347093582153
-21907.245386838912964
-21911.135096907615662
-21915.025838613510132
-21918.921061277389526
-21922.816448450088501
-21926.715707659721375
-21930.605650424957275
-21934.496361613273621
-21938.393380522727966
-21942.288923621177673
-21946.179292798042297
-21950.073545217514038
-21953.965179204940796
-21957.860131859779358
-21961.757133483886719
-21965.650238513946533
-21969.540776252746582
-21973.427608609199524
-21977.317700505256653
-21981.206991672515869
-21985.098016619682312
-21988.988753318786621
-21992.878438711166382
-21996.773997187614441
-22000.671074509620667
-22004.562094449996948
-22008.46215283870697
-22012.356159090995789
-22016.246702194213867
-22020.141993880271912
-22024.039114952087402
-22027.932853698730469
-22031.824882030487061
-22035.722481250762939
-22039.621587157249451
-22043.512188076972961
-22047.405436396598816
-22051.302581667900085
-22055.197510004043579
-22059.094526052474976
-22062.987619876861572
-22066.879109025001526
-22070.770548343658447
-22074.664539217948914
-22078.560723543167114
-22082.453888654708862
-22086.352613687515259
-22090.246510863304138
-22094.132095813751221
-22098.021686196327209
-22101.911749362945557
-22105.810095071792603
-22109.70807957649231
-22113.602239966392517
-22117.498379707336426
-22121.399174094200134
-22125.29588258266449
-22129.190874934196472
-22133.084542512893677
-22136.983667135238647
-22140.881377458572388
-22144.77543032169342
-22148.671049833297729
-22152.569718837738037
-22156.46526837348938
-22160.363214135169983
-22164.259919047355652
-22168.165708065032959
-22172.058581829071045
-22175.957435965538025
-22179.852339625358582
-22183.750115513801575
-22187.645114779472351
-22191.533686995506287
-22195.425657033920288
-22199.322304487228394
-22203.213353276252747
-22207.119084715843201
-22211.018422722816467
-22214.921974062919617
-22218.822106242179871
-22222.727564692497253
-22226.624224901199341
-22230.521410822868347
-22234.416118025779724
-22238.31650984287262
-22242.216712117195129
-22246.122796535491943
-22250.020800828933716
-22253.917258024215698
-22257.818462133407593
-22261.716476559638977
-22265.619574069976807
-22269.522330641746521
-22273.425425887107849
-22277.321361780166626
-22281.22703218460083
-22285.123686552047729
-22289.024136185646057
-22292.921670436859131
-22296.820258736610413
-22300.722597002983093
-22304.627009749412537
-22308.532553315162659
-22312.433919787406921
-22316.332138895988464
-22320.23298168182373
-22324.139720797538757
-22328.03445827960968
-22331.930492758750916
-22335.828561544418335
-22339.728129744529724
-22343.628984451293945
-22347.528871655464172
-22351.430839538574219
-22355.332905054092407
-22359.239509701728821
-22363.142542481422424
-22367.048753380775452
-22370.946191072463989
-22374.850595116615295
-22378.750372886657715
-22382.653352975845337
-22386.551230549812317
-22390.459681749343872
-22394.362919211387634
-22398.272696614265442
-22402.17419970035553
-22406.08169949054718
-22409.988441586494446
-22413.895890712738037
-22417.809375286102295
-22421.715367317199707
-22425.622557520866394
-22429.529693484306335
-22433.442340612411499
-22437.350750803947449
-22441.255647540092468
-22445.166772365570068
-22449.081204533576965
-22452.991986274719238
-22456.89520537853241
-22460.80375063419342
-22464.711627006530762
-22468.622786402702332
-22472.530806422233582
-22476.443257331848145
-22480.352205157279968
-22484.265993356704712
-22488.177191972732544
-22492.083056211471558
-22496.000390529632568
-22499.910764932632446
-22503.826930046081543
-22507.736588478088379
-22511.647583603858948
-22515.55992591381073
-22519.474591493606567
-22523.383017182350159
-22527.292440891265869
-22531.204974055290222
-22535.113918423652649
-22539.020914554595947
-22542.937005639076233
-22546.848469614982605
-22550.76470947265625
-22554.677285075187683
-22558.5862717628479
-22562.501935362815857
-22566.404574632644653
-22570.319698810577393
-22574.232999920845032
-22578.151020050048828
-22582.068251252174377
-22585.987167000770569
-22589.910006403923035
-22593.824603915214539
-22597.746162414550781
-22601.655347228050232
-22605.576836705207825
-22609.482697129249573
-22613.397204518318176
-22617.323636412620544
-22621.230551719665527
-22625.145268321037292
-22629.065613865852356
-22632.985481142997742
-22636.894873142242432
-22640.814448118209839
-22644.728057742118835
-22648.644920349121094
-22652.562541246414185
-22656.483144760131836
-22660.399251937866211
-22664.327970862388611
-22668.254667162895203
-22672.186111927032471
-22676.109032511711121
-22680.030059695243835
-22683.950087547302246
-22687.873835325241089
-22691.793318271636963
-22695.705232739448547
-22699.626150131225586
-22703.54186224937439
-22707.460009098052979
-22711.379846572875977
-22715.298814058303833
-22719.226180195808411
-22723.150183916091919
-22727.070719003677368
-22730.987539649009705
-22734.902597427368164
-22738.830826044082642
-22742.751525521278381
-22746.672302484512329
-22750.59546160697937
-22754.520480990409851
-22758.452498197555542
-22762.369312167167664
-22766.299197554588318
-22770.215880155563354
-22774.135961532592773
-22778.063960313796997
-22781.990898966789246
-22785.910397410392761
-22789.839696884155273
-22793.76717734336853
-22797.692600131034851
-22801.60900092124939
-22805.52867865562439
-22809.448042750358582
-22813.37852954864502
-22817.303780078887939
-22821.225295186042786
-22825.149315595626831
-22829.080550789833069
-22833.006721377372742
-22836.936043977737427
-22840.862363576889038
-22844.778783559799194
-22848.694538354873657
-22852.614486336708069
-22856.541425108909607
-22860.463415265083313
-22864.391885995864868
-22868.320828914642334
-22872.249266505241394
-22876.176367521286011
-22880.096289396286011
-22884.02055025100708
-22887.948687553405762
-22891.87766695022583
-22895.806642651557922
-22899.738155722618103
-22903.661112666130066
-22907.584509015083313
-22911.509765028953552
-22915.433489322662354
-22919.366575837135315
-22923.300694108009338
-22927.229010462760925
-22931.156185507774353
-22935.085747718811035
-22939.013947129249573
-22942.941148996353149
-22946.872382760047913
-22950.803445219993591
-22954.732046723365784
-22958.660612344741821
-22962.586148858070374
-22966.514625787734985
-22970.446249485015869
-22974.380937337875366
-22978.313494086265564
-22982.248124718666077
-22986.184607982635498
-22990.120625972747803
-22994.047360181808472
-22997.976890087127686
-23001.914522767066956
-23005.848393082618713
-23009.778126239776611
-23013.717130541801453
-23017.644954442977905
-23021.573673963546753
-23025.515265345573425
-23029.443983912467957
-23033.370551228523254
-23037.304241180419922
-23041.233983159065247
-23045.168615937232971
-23049.099732398986816
-23053.039431095123291
-23056.980145812034607
-23060.91071605682373
-23064.851922750473022
-23068.781350135803223
-23072.717926740646362
-23076.654919862747192
-23080.582419157028198
-23084.514222264289856
-23088.45116138458252
-23092.382526159286499
-23096.324060082435608
-23100.268303036689758
-23104.211177349090576
-23108.154122352600098
-23112.095951795578003
-23116.031822681427002
-23119.969811916351318
-23123.905463933944702
-23127.836290955543518
-23131.775566577911377
-23135.711024761199951
-23139.655470013618469
-23143.595773696899414
-23147.524959206581116
-23151.467589259147644
-23155.402583479881287
-23159.343120455741882
-23163.284233808517456
-23167.238120198249817
-23171.178791761398315
-23175.119352221488953
-23179.063708305358887
-23183.013268232345581
-23186.949704647064209
-23190.889117240905762
-23194.834418535232544
-23198.782341003417969
-23202.734762787818909
-23206.676575660705566
-23210.615062952041626
-23214.562721967697144
-23218.505474328994751
-23222.455073237419128
-23226.401051759719849
-23230.345724940299988
-23234.295921444892883
-23238.241307139396667
-23242.190385460853577
-23246.136231780052185
-23250.092760920524597
-23254.04001772403717
-23257.987192034721375
-23261.944464683532715
-23265.893573760986328
-23269.843794941902161
-23273.786066293716431
-23277.738629579544067
-23281.69003963470459
-23285.637957096099854
-23289.594390869140625
-23293.554610967636108
-23297.512682318687439
-23301.461570143699646
-23305.409311532974243
-23309.371553063392639
-23313.323872447013855
-23317.290001511573792
-23321.24800717830658
-23325.201953291893005
-23329.154870867729187
-23333.111863255500793
-23337.080048322677612
-23341.030148863792419
-23344.994354248046875
-23348.95271110534668
-23352.913859009742737
-23356.865517973899841
-23360.819738149642944
-23364.787291288375854
-23368.757205128669739
-23372.718096137046814
-23376.683085680007935
-23380.647454857826233
-23384.609474301338196
-23388.568288683891296
-23392.529893755912781
-23396.488892197608948
-23400.445892930030823
-23404.409574031829834
-23408.369020342826843
-23412.331095337867737
-23416.296276211738586
-23420.270803928375244
-23424.231274008750916
-23428.202865719795227
-23432.170542240142822
-23436.140864610671997
-23440.108001828193665
-23444.076095342636108
-23448.043990135192871
-23452.01498281955719
-23455.973984360694885
-23459.947823762893677
-23463.929463028907776
-23467.899809837341309
-23471.871826767921448
-23475.847848176956177
-23479.826576352119446
-23483.799545764923096
-23487.775081038475037
-23491.74876070022583
-23495.720140814781189
-23499.691383123397827
-23503.661102294921875
-23507.643125057220459
-23511.61633038520813
-23515.588634490966797
-23519.560649633407593
-23523.527603507041931
-23527.500121593475342
-23531.47158420085907
-23535.434851050376892
-23539.404436826705933
-23543.378225207328796
-23547.351285219192505
-23551.320918202400208
-23555.287661910057068
-23559.257768630981445
-23563.218815565109253
-23567.184964776039124
-23571.140277624130249
-23575.097328901290894
-23579.05772066116333
-23583.008718490600586
-23586.958740234375
-23590.905917882919312
-23594.849338293075562
-23598.791653394699097
-23602.728488564491272
-23606.65473210811615
-23610.569758772850037
-23614.496134281158447
-23618.41968309879303
-23622.33585512638092
-23626.240342855453491
-23630.143984913825989
-23634.030746340751648
-23637.917932987213135
-23641.816559433937073
-23645.703221559524536
-23649.579825639724731
-23653.4465012550354
-23657.28747820854187
-23661.115230560302734
-23664.949320435523987
-23668.766435146331787
-23672.590162515640259
-23676.390515804290771
-23680.179723858833313
-23683.945865869522095
-23687.705451011657715
-23691.444909691810608
-23695.167355179786682
-23698.873290419578552
-23702.570667624473572
-23706.224193215370178
-23709.860998034477234
-23713.471556067466736
-23717.04194176197052
-23720.605117797851562
-23724.143914580345154
-23727.628409028053284
-23731.093842625617981
-23734.524442315101624
-23737.899329543113708
-23741.227951169013977
-23744.513086199760437
-23747.738645553588867
-23750.885213494300842
-23753.973400712013245
-23756.968260884284973
-23759.861711502075195
-23762.654608726501465
-23765.328175187110901
-23767.845090746879578
-23770.147001385688782
-23772.203565359115601
-23773.863105773925781
-23774.873717546463013
