-150880.22269606590271
-150887.87139356136322
-150894.14566469192505
-150899.99100351333618
-150905.54376029968262
-150910.88171195983887
-150916.04712438583374
-150921.06644606590271
-150925.95935714244843
-150930.74305427074432
-150935.43107759952545
-150940.03196239471436
-150944.55350589752197
-150949.00247097015381
-150953.3845317363739
-150957.70695126056671
-150961.97288000583649
-150966.1837557554245
-150970.34433221817017
-150974.45814490318298
-150978.52844047546387
-150982.55654811859131
-150986.54495942592621
-150990.49501204490662
-150994.40870535373688
-150998.28899729251862
-151002.13704085350037
-151005.95346009731293
-151009.73941624164581
-151013.4961850643158
-151017.22425019741058
-151020.92584872245789
-151024.60222244262695
-151028.25234198570251
-151031.87884843349457
-151035.48184025287628
-151039.06113839149475
-151042.61814653873444
-151046.15442097187042
-151049.67072117328644
-151053.16715037822723
-151056.64403092861176
-151060.10197770595551
-151063.54070889949799
-151066.96266710758209
-151070.36757981777191
-151073.75386214256287
-151077.1241420507431
-151080.47711682319641
-151083.81483781337738
-151087.13756632804871
-151090.4443564414978
-151093.73867321014404
-151097.01703929901123
-151100.28101325035095
-151103.53128063678741
-151106.76774418354034
-151109.99182903766632
-151113.20375907421112
-151116.40109932422638
-151119.58644258975983
-151122.7589099407196
-151125.92092418670654
-151129.06975221633911
-151132.20643770694733
-151135.33275079727173
-151138.44689035415649
-151141.55137670040131
-151144.64523541927338
-151147.727618932724
-151150.7988258600235
-151153.86009979248047
-151156.91249477863312
-151159.95556569099426
-151162.98783135414124
-151166.01117646694183
-151169.0240398645401
-151172.027583360672
-151175.02061009407043
-151178.0045884847641
-151180.98120844364166
-151183.94830930233002
-151186.90509223937988
-151189.85488498210907
-151192.79663467407227
-151195.72926104068756
-151198.65427398681641
-151201.57094728946686
-151204.47924625873566
-151207.38048279285431
-151210.27277457714081
-151213.15753793716431
-151216.03394520282745
-151218.90484941005707
-151221.76823043823242
-151224.62276303768158
-151227.47147798538208
-151230.31293714046478
-151233.14732360839844
-151235.97353410720825
-151238.79204547405243
-151241.60418331623077
-151244.41005003452301
-151247.21033692359924
-151250.00269460678101
-151252.79032242298126
-151255.56853485107422
-151258.34104001522064
-151261.10741639137268
-151263.86830389499664
-151266.6248185634613
-151269.37345743179321
-151272.11606311798096
-151274.85073852539062
-151277.579705119133
-151280.30195593833923
-151283.01878547668457
-151285.73108983039856
-151288.43677151203156
-151291.13601672649384
-151293.83034789562225
-151296.51974308490753
-151299.20489931106567
-151301.88355088233948
-151304.55498969554901
-151307.22388565540314
-151309.88686585426331
-151312.54325592517853
-151315.19604241847992
-151317.84254217147827
-151320.48416757583618
-151323.11898469924927
-151325.7503799200058
-151328.37674283981323
-151330.99876630306244
-151333.61482691764832
-151336.22646033763885
-151338.83253967761993
-151341.43528282642365
-151344.03057634830475
-151346.62291502952576
-151349.21121835708618
-151351.79328835010529
-151354.37021362781525
-151356.94196665287018
-151359.50989031791687
-151362.0699462890625
-151364.62778902053833
-151367.18231511116028
-151369.73189342021942
-151372.27658331394196
-151374.81775629520416
-151377.3545184135437
-151379.88627183437347
-151382.41418504714966
-151384.93826961517334
-151387.45895886421204
-151389.97231042385101
-151392.48353397846222
-151394.99122428894043
-151397.49321436882019
-151399.99091958999634
-151402.48547041416168
-151404.97486615180969
-151407.46224200725555
-151409.94564187526703
-151412.42241775989532
-151414.89787971973419
-151417.3677943944931
-151419.83363306522369
-151422.29732191562653
-151424.75609946250916
-151427.21182012557983
-151429.66360235214233
-151432.10976779460907
-151434.55509471893311
-151436.99650692939758
-151439.43481397628784
-151441.86817514896393
-151444.29790198802948
-151446.72117328643799
-151449.14240121841431
-151451.56097602844238
-151453.97317826747894
-151456.38309824466705
-151458.7897013425827
-151461.19241917133331
-151463.59229373931885
-151465.98775708675385
-151468.38072049617767
-151470.76866722106934
-151473.15415787696838
-151475.5363792181015
-151477.91534793376923
-151480.28981566429138
-151482.66024482250214
-151485.02884459495544
-151487.39054989814758
-151489.74956130981445
-151492.10459363460541
-151494.45867466926575
-151496.80910646915436
-151499.15812349319458
-151501.50379514694214
-151503.84676587581635
-151506.18475818634033
-151508.52185499668121
-151510.85058689117432
-151513.17518615722656
-151515.49817836284637
-151517.81802833080292
-151520.13480830192566
-151522.44756388664246
-151524.75994670391083
-151527.06834816932678
-151529.37412345409393
-151531.67643487453461
-151533.97053360939026
-151536.26331746578217
-151538.55555307865143
-151540.84485840797424
-151543.12940216064453
-151545.41264414787292
-151547.69168543815613
-151549.96867430210114
-151552.24065744876862
-151554.51066207885742
-151556.77895283699036
-151559.04112827777863
-151561.30115211009979
-151563.56129205226898
-151565.81760811805725
-151568.0710836648941
-151570.32271862030029
-151572.57112753391266
-151574.81762290000916
-151577.05885088443756
-151579.29660785198212
-151581.53192663192749
-151583.76345157623291
-151585.99372327327728
-151588.22206568717957
-151590.44692587852478
-151592.66720867156982
-151594.88768422603607
-151597.10521757602692
-151599.31946349143982
-151601.531902551651
-151603.73930537700653
-151605.9450204372406
-151608.14709413051605
-151610.34766817092896
-151612.54491639137268
-151614.73880743980408
-151616.9289094209671
-151619.118128657341
-151621.30105197429657
-151623.48379468917847
-151625.6630871295929
-151627.84129810333252
-151630.01596879959106
-151632.18853902816772
-151634.35556387901306
-151636.52440500259399
-151638.68713235855103
-151640.84709894657135
-151643.00396800041199
-151645.15941059589386
-151647.31075549125671
-151649.46078681945801
-151651.60975790023804
-151653.75632882118225
-151655.90174376964569
-151658.04236042499542
-151660.18148744106293
-151662.31854403018951
-151664.45237755775452
-151666.58086466789246
-151668.71019947528839
-151670.83377707004547
-151672.95738554000854
-151675.07816231250763
-151677.19370412826538
-151679.31084656715393
-151681.42152059078217
-151683.53230690956116
-151685.63908624649048
-151687.74533128738403
-151689.84643006324768
-151691.94718110561371
-151694.04516327381134
-151696.14035165309906
-151698.23117911815643
-151700.31980812549591
-151702.40593612194061
-151704.4886075258255
-151706.57187867164612
-151708.6499160528183
-151710.72660028934479
-151712.79967570304871
-151714.86881768703461
-151716.94092202186584
-151719.00599992275238
-151721.07277762889862
-151723.13446736335754
-151725.19288671016693
-151727.25189018249512
-151729.30630660057068
-151731.35920870304108
-151733.40798842906952
-151735.45538103580475
-151737.50070011615753
-151739.54402577877045
-151741.58548772335052
-151743.62159657478333
-151745.65545213222504
-151747.68766236305237
-151749.7179868221283
-151751.7468204498291
-151753.77182507514954
-151755.79652583599091
-151757.8201071023941
-151759.84005582332611
-151761.85587227344513
-151763.87028813362122
-151765.87973916530609
-151767.88845789432526
-151769.89506208896637
-151771.89980506896973
-151773.90205550193787
-151775.90284419059753
-151777.8995121717453
-151779.89200413227081
-151781.88394391536713
-151783.87185204029083
-151785.85807311534882
-151787.84466123580933
-151789.83184683322906
-151791.8140721321106
-151793.79375743865967
-151795.7683345079422
-151797.74224829673767
-151799.71439647674561
-151801.68043303489685
-151803.64621651172638
-151805.61050033569336
-151807.57056307792664
-151809.52993834018707
-151811.48987054824829
-151813.44527781009674
-151815.39705693721771
-151817.348228931427
-151819.29931879043579
-151821.24601745605469
-151823.18856585025787
-151825.1302375793457
-151827.06536769866943
-151829.00306832790375
-151830.93593752384186
-151832.86542737483978
-151834.7950541973114
-151836.72241532802582
-151838.64766478538513
-151840.57262790203094
-151842.49478435516357
-151844.41085064411163
-151846.32703113555908
-151848.24101173877716
-151850.15350115299225
-151852.06611597537994
-151853.97332310676575
-151855.88062655925751
-151857.7837518453598
-151859.68461418151855
-151861.58555555343628
-151863.48068106174469
-151865.37203574180603
-151867.26277124881744
-151869.15056705474854
-151871.0371755361557
-151872.92165148258209
-151874.80383825302124
-151876.68563711643219
-151878.56433427333832
-151880.44032657146454
-151882.31556975841522
-151884.1868656873703
-151886.05599343776703
-151887.92044401168823
-151889.78311896324158
-151891.64292883872986
-151893.50244343280792
-151895.35827350616455
-151897.20974266529083
-151899.0597562789917
-151900.90939044952393
-151902.75714385509491
-151904.60157310962677
-151906.44638097286224
-151908.28804671764374
-151910.12660098075867
-151911.96427083015442
-151913.79727590084076
-151915.62807822227478
-151917.46144378185272
-151919.28926885128021
-151921.1166410446167
-151922.93960332870483
-151924.75987243652344
-151926.57528603076935
-151928.39187383651733
-151930.20759904384613
-151932.02025330066681
-151933.83107936382294
-151935.63617420196533
-151937.43896889686584
-151939.24251866340637
-151941.03785073757172
-151942.83607888221741
-151944.63470697402954
-151946.43085086345673
-151948.22259759902954
-151950.01338922977448
-151951.80083549022675
-151953.58663105964661
-151955.36984419822693
-151957.1520162820816
-151958.93199443817139
-151960.70896708965302
-151962.48472678661346
-151964.25366818904877
-151966.02350223064423
-151967.78970491886139
-151969.55316710472107
-151971.3195686340332
-151973.08308506011963
-151974.84392094612122
-151976.59711849689484
-151978.34954285621643
-151980.09839594364166
-151981.8473846912384
-151983.59247899055481
-151985.3360333442688
-151987.07758784294128
-151988.81809687614441
-151990.55534744262695
-151992.2893933057785
-151994.02108347415924
-151995.75397634506226
-151997.48043072223663
-151999.20429360866547
-152000.92681217193604
-152002.65094089508057
-152004.37020874023438
-152006.08931636810303
-152007.8034600019455
-152009.51712322235107
-152011.22811102867126
-152012.93798887729645
-152014.64354133605957
-152016.34769022464752
-152018.04604768753052
-152019.74646639823914
-152021.44567251205444
-152023.14322984218597
-152024.83575046062469
-152026.52583837509155
-152028.21646118164062
-152029.89819622039795
-152031.5789270401001
-152033.26122486591339
-152034.94044697284698
-152036.6163341999054
-152038.29008543491364
-152039.96117329597473
-152041.62770295143127
-152043.29626858234406
-152044.96035730838776
-152046.62323427200317
-152048.28577494621277
-152049.94394636154175
-152051.59793972969055
-152053.25031316280365
-152054.90082597732544
-152056.54677021503448
-152058.19325733184814
-152059.83753299713135
-152061.47491574287415
-152063.11329472064972
-152064.75229215621948
-152066.38700938224792
-152068.01250088214874
-152069.64016878604889
-152071.26467561721802
-152072.88926422595978
-152074.51345765590668
-152076.13447368144989
-152077.75887811183929
-152079.37182486057281
-152080.98216938972473
-152082.59370696544647
-152084.20072853565216
-152085.80729520320892
-152087.40525221824646
-152089.00341308116913
-152090.60209655761719
-152092.19795632362366
-152093.79036724567413
-152095.38164961338043
-152096.96461737155914
-152098.55290877819061
-152100.13650977611542
-152101.71740508079529
-152103.29558897018433
-152104.86974358558655
-152106.4366489648819
-152108.00479793548584
-152109.57086539268494
-152111.13860857486725
-152112.70066380500793
-152114.26509523391724
-152115.82437586784363
-152117.37693798542023
-152118.92782557010651
-152120.48260319232941
-152122.03003013134003
-152123.57454037666321
-152125.11711943149567
-152126.65744090080261
-152128.19991910457611
-152129.73296499252319
-152131.2676557302475
-152132.79913759231567
-152134.32453870773315
-152135.854856133461
-152137.37687373161316
-152138.89934647083282
-152140.41637122631073
-152141.93299555778503
-152143.44758272171021
-152144.96201419830322
-152146.47135722637177
-152147.97595512866974
-152149.47918581962585
-152150.97832953929901
-152152.47560501098633
-152153.97503137588501
-152155.47000801563263
-152156.96003389358521
-152158.44577944278717
-152159.93053865432739
-152161.41148865222931
-152162.89087653160095
-152164.36593747138977
-152165.84452152252197
-152167.32039058208466
-152168.79108357429504
-152170.26203095912933
-152171.72823786735535
-152173.19002044200897
-152174.64977812767029
-152176.10916864871979
-152177.55550622940063
-152179.00689744949341
-152180.45239615440369
-152181.89586973190308
-152183.33782112598419
-152184.77893340587616
-152186.21584177017212
-152187.64988267421722
-152189.08141767978668
-152190.5129097700119
-152191.94025874137878
-152193.35974013805389
-152194.78253889083862
-152196.20004308223724
-152197.61432421207428
-152199.02623009681702
-152200.43681275844574
-152201.84291744232178
-152203.24392771720886
-152204.64449858665466
-152206.03933370113373
-152207.43206346035004
-152208.82338154315948
-152210.20727181434631
-152211.59339380264282
-152212.97499585151672
-152214.35257196426392
-152215.73052704334259
-152217.09626758098602
-152218.46946716308594
-152219.83653795719147
-152221.1999386548996
-152222.55917966365814
-152223.91864740848541
-152225.27437782287598
-152226.63258719444275
-152227.98227059841156
-152229.33079934120178
-152230.67437076568604
-152232.0205465555191
-152233.36143481731415
-152234.69392204284668
-152236.0246753692627
-152237.34860491752625
-152238.67774569988251
-152240.00310242176056
-152241.32161831855774
-152242.63517892360687
-152243.94639134407043
-152245.25475919246674
-152246.56725513935089
-152247.87366044521332
-152249.1782546043396
-152250.47611832618713
-152251.77478420734406
-152253.07033669948578
-152254.36225688457489
-152255.64977920055389
-152256.93277299404144
-152258.21140086650848
-152259.48444080352783
-152260.75555288791656
-152262.03082835674286
-152263.29769825935364
-152264.56041061878204
-152265.82641708850861
-152267.08593332767487
-152268.34228491783142
-152269.59583389759064
-152270.84593689441681
-152272.08841383457184
-152273.32956540584564
-152274.56494867801666
-152275.80053436756134
-152277.03200483322144
-152278.26734495162964
-152279.49585580825806
-152280.71611440181732
-152281.9328088760376
-152283.15370202064514
-152284.37134122848511
-152285.57949912548065
-152286.7884236574173
-152287.99261450767517
-152289.19147980213165
-152290.39045584201813
-152291.58089113235474
-152292.76419234275818
-152293.95034158229828
-152295.13658154010773
-152296.30738198757172
-152297.48613178730011
-152298.65914344787598
-152299.83111345767975
-152300.99726712703705
-152302.15929281711578
-152303.3176167011261
-152304.47741258144379
-152305.63372910022736
-152306.78126156330109
-152307.92672264575958
-152309.06813228130341
-152310.19958090782166
-152311.33162844181061
-152312.4634302854538
-152313.58814322948456
-152314.70380198955536
-152315.81712412834167
-152316.93797993659973
-152318.05308997631073
-152319.16210341453552
-152320.2678701877594
-152321.36478853225708
-152322.4612478017807
-152323.55338668823242
-152324.64525175094604
-152325.73409557342529
-152326.80964231491089
-152327.88065493106842
-152328.95345532894135
-152330.02292954921722
-152331.09243500232697
-152332.15082740783691
-152333.21474015712738
-152334.265291929245
-152335.31059682369232
-152336.35703802108765
-152337.40253090858459
-152338.44314885139465
-152339.47307288646698
-152340.49475264549255
-152341.52292776107788
-152342.54652094841003
-152343.56650638580322
-152344.58349096775055
-152345.60381484031677
-152346.61232447624207
-152347.62615716457367
-152348.62688565254211
-152349.62118518352509
-152350.61427760124207
-152351.60426235198975
-152352.5917980670929
-152353.5773491859436
-152354.55428338050842
-152355.53361845016479
-152356.51086819171906
-152357.48458051681519
-152358.44987010955811
-152359.40356147289276
-152360.35638689994812
-152361.31730043888092
-152362.27398574352264
-152363.2183278799057
-152364.15088534355164
-152365.08614706993103
-152366.02147364616394
-152366.9407525062561
-152367.86514961719513
-152368.78779268264771
-152369.69577360153198
-152370.60633146762848
-152371.51481318473816
-152372.41474139690399
-152373.32055902481079
-152374.21492552757263
-152375.10856437683105
-152375.99850940704346
-152376.8812472820282
-152377.76827037334442
-152378.64066195487976
-152379.50288689136505
-152380.36918568611145
-152381.23081004619598
-152382.09456193447113
-152382.93392550945282
-152383.78660368919373
-152384.63206887245178
-152385.47872519493103
-152386.31577706336975
-152387.14314424991608
-152387.96547818183899
-152388.78017485141754
-152389.59449052810669
-152390.40478050708771
-152391.20678627490997
-152392.0016678571701
-152392.79738998413086
-152393.59054255485535
-152394.38045001029968
-152395.15741777420044
-152395.9467431306839
-152396.72354221343994
-152397.47965145111084
-152398.24149751663208
-152399.01418328285217
-152399.75841379165649
-152400.50114452838898
-152401.23666000366211
-152401.96925461292267
-152402.70159709453583
-152403.4400771856308
-152404.16871130466461
-152404.884441614151
-152405.59780824184418
-152406.30461871623993
-152407.00378775596619
-152407.6937700510025
-152408.38454306125641
-152409.07648885250092
-152409.75187492370605
-152410.41928660869598
-152411.08981573581696
-152411.7438942193985
-152412.40448176860809
-152413.04460978507996
-152413.68527138233185
-152414.31926941871643
-152414.93681561946869
-152415.55683696269989
-152416.16270756721497
-152416.77072823047638
-152417.37066304683685
-152417.97467315196991
-152418.56209182739258
-152419.14455127716064
-152419.71439516544342
-152420.30500030517578
-152420.87210237979889
-152421.428879737854
-152421.98287892341614
-152422.53087079524994
-152423.0756584405899
-152423.60024213790894
-152424.11644232273102
-152424.63152873516083
-152425.11700010299683
-152425.62847459316254
-152426.13316404819489
-152426.61797821521759
-152427.09578323364258
-152427.55774223804474
-152428.02567434310913
-152428.48739218711853
-152428.93706619739532
-152429.36823880672455
-152429.80574858188629
-152430.23150038719177
-152430.64113616943359
-152431.05320060253143
-152431.43645417690277
-152431.8215012550354
-152432.19942092895508
-152432.5647965669632
-152432.9446781873703
-152433.2942191362381
-152433.63527739048004
-152433.96880316734314
-152434.2912300825119
