-339168.68005132675171
-339177.02304482460022
-339183.99016797542572
-339190.52673757076263
-339196.76543748378754
-339202.7843986749649
-339208.62617719173431
-339214.31781113147736
-339219.87932288646698
-339225.32739412784576
-339230.67466461658478
-339235.93033719062805
-339241.10364460945129
-339246.2010281085968
-339251.22866439819336
-339256.19316852092743
-339261.09665739536285
-339265.94283032417297
-339270.73700487613678
-339275.48120391368866
-339280.17764973640442
-339284.82927000522614
-339289.43827772140503
-339294.00736308097839
-339298.53667604923248
-339303.02880871295929
-339307.48506295681
-339311.9081312417984
-339316.29897463321686
-339320.65792965888977
-339324.98616313934326
-339329.28506696224213
-339333.55734384059906
-339337.8014749288559
-339342.01901888847351
-339346.21212959289551
-339350.3789781332016
-339354.52157509326935
-339358.64209878444672
-339362.7392646074295
-339366.81411254405975
-339370.86799836158752
-339374.90170323848724
-339378.91658067703247
-339382.91140604019165
-339386.88680922985077
-339390.84221076965332
-339394.77897882461548
-339398.69880592823029
-339402.60087513923645
-339406.48496866226196
-339410.35309827327728
-339414.20418882369995
-339418.03985810279846
-339421.8595951795578
-339425.6639678478241
-339429.45317959785461
-339433.22817897796631
-339436.98870241641998
-339440.73429036140442
-339444.46591126918793
-339448.18431484699249
-339451.88822340965271
-339455.580357670784
-339459.25897514820099
-339462.92260766029358
-339466.5757132768631
-339470.21769618988037
-339473.84672796726227
-339477.46303284168243
-339481.06861793994904
-339484.66422235965729
-339488.24746692180634
-339491.82011270523071
-339495.38145732879639
-339498.93105483055115
-339502.47163999080658
-339505.99998474121094
-339509.51925110816956
-339513.02732813358307
-339516.52548801898956
-339520.01545441150665
-339523.49585103988647
-339526.96539711952209
-339530.42566049098969
-339533.87650763988495
-339537.31891667842865
-339540.75160455703735
-339544.17665958404541
-339547.59229052066803
-339550.99761128425598
-339554.39561629295349
-339557.78648567199707
-339561.16725134849548
-339564.54017150402069
-339567.90442502498627
-339571.26017105579376
-339574.60755145549774
-339577.94626009464264
-339581.27906715869904
-339584.60355746746063
-339587.9198340177536
-339591.22850632667542
-339594.52992498874664
-339597.82387459278107
-339601.11137783527374
-339604.39140701293945
-339607.66547811031342
-339610.93180358409882
-339614.19088017940521
-339617.44424176216125
-339620.68915808200836
-339623.92737591266632
-339627.15986597537994
-339630.38708758354187
-339633.60800218582153
-339636.82105445861816
-339640.02617251873016
-339643.22784066200256
-339646.42255210876465
-339649.60906600952148
-339652.78911292552948
-339655.96396791934967
-339659.13249564170837
-339662.2941027879715
-339665.45060157775879
-339668.60199522972107
-339671.74602365493774
-339674.88400673866272
-339678.01736116409302
-339681.14591932296753
-339684.26920127868652
-339687.38567018508911
-339690.49622333049774
-339693.60155808925629
-339696.7020092010498
-339699.79610538482666
-339702.88566648960114
-339705.96858215332031
-339709.04790842533112
-339712.12125039100647
-339715.19013464450836
-339718.25411295890808
-339721.31236350536346
-339724.36580300331116
-339727.41420841217041
-339730.45700359344482
-339733.49709725379944
-339736.53205370903015
-339739.56097853183746
-339742.5840653181076
-339745.60268568992615
-339748.61784160137177
-339751.62782096862793
-339754.63224220275879
-339757.63274323940277
-339760.62910270690918
-339763.62007677555084
-339766.60702502727509
-339769.58702385425568
-339772.56500029563904
-339775.53799951076508
-339778.50749957561493
-339781.47196066379547
-339784.43399858474731
-339787.39063441753387
-339790.34175133705139
-339793.28948485851288
-339796.23059380054474
-339799.17062640190125
-339802.10531735420227
-339805.03497099876404
-339807.96047365665436
-339810.88359498977661
-339813.80039310455322
-339816.71373558044434
-339819.62379789352417
-339822.53023183345795
-339825.43227624893188
-339828.32900154590607
-339831.22366333007812
-339834.11580061912537
-339837.00168740749359
-339839.88565301895142
-339842.76404988765717
-339845.63859474658966
-339848.51128494739532
-339851.3768595457077
-339854.24122381210327
-339857.10229992866516
-339859.95915055274963
-339862.80976271629333
-339865.65832912921906
-339868.50552022457123
-339871.34826254844666
-339874.18724358081818
-339877.02207005023956
-339879.8540894985199
-339882.68243730068207
-339885.50753569602966
-339888.32843279838562
-339891.14722907543182
-339893.9605758190155
-339896.77231025695801
-339899.58058202266693
-339902.3853440284729
-339905.18508195877075
-339907.98369455337524
-339910.77707624435425
-339913.56921005249023
-339916.35686707496643
-339919.14102160930634
-339921.9226348400116
-339924.70146453380585
-339927.47657430171967
-339930.24861168861389
-339933.01806437969208
-339935.78337478637695
-339938.5452127456665
-339941.30205893516541
-339944.05684280395508
-339946.80913817882538
-339949.55726420879364
-339952.30283486843109
-339955.04590880870819
-339957.78617191314697
-339960.52234864234924
-339963.25603091716766
-339965.98776137828827
-339968.71536505222321
-339971.43973016738892
-339974.16224932670593
-339976.88265585899353
-339979.59809267520905
-339982.31107127666473
-339985.02264130115509
-339987.73177576065063
-339990.43631744384766
-339993.13900792598724
-339995.83689188957214
-339998.53358089923859
-340001.22521436214447
-340003.91596364974976
-340006.60348296165466
-340009.28835487365723
-340011.96950507164001
-340014.64855539798737
-340017.32566606998444
-340020.00028192996979
-340022.67254090309143
-340025.34081554412842
-340028.00607395172119
-340030.670086145401
-340033.33197438716888
-340035.99224901199341
-340038.64874124526978
-340041.30173563957214
-340043.94949007034302
-340046.59368360042572
-340049.24021315574646
-340051.88210129737854
-340054.52104985713959
-340057.15611755847931
-340059.79086601734161
-340062.42350137233734
-340065.05320274829865
-340067.67924308776855
-340070.30455815792084
-340072.92658245563507
-340075.54486620426178
-340078.16287934780121
-340080.77718687057495
-340083.3894339799881
-340085.99942481517792
-340088.6064966917038
-340091.21188914775848
-340093.81127715110779
-340096.41206216812134
-340099.0117130279541
-340101.60693609714508
-340104.20021271705627
-340106.79268395900726
-340109.3815393447876
-340111.96832859516144
-340114.55065488815308
-340117.13173055648804
-340119.70972669124603
-340122.28602921962738
-340124.86070919036865
-340127.43120312690735
-340130.00082015991211
-340132.56842756271362
-340135.13262736797333
-340137.6928163766861
-340140.25231146812439
-340142.81104171276093
-340145.36746942996979
-340147.91947793960571
-340150.47128653526306
-340153.02013218402863
-340155.56651306152344
-340158.10937213897705
-340160.65326404571533
-340163.19414258003235
-340165.73224556446075
-340168.26721107959747
-340170.8011189699173
-340173.33144974708557
-340175.85944557189941
-340178.38702607154846
-340180.91029763221741
-340183.43302834033966
-340185.95178771018982
-340188.469806432724
-340190.98514461517334
-340193.49996542930603
-340196.01321387290955
-340198.52480494976044
-340201.03169441223145
-340203.53635776042938
-340206.03958702087402
-340208.54082691669464
-340211.04114067554474
-340213.53982305526733
-340216.03787338733673
-340218.52963268756866
-340221.02128303050995
-340223.50984990596771
-340225.9963276386261
-340228.48338007926941
-340230.96677887439728
-340233.44938623905182
-340235.9270533323288
-340238.40385663509369
-340240.87831163406372
-340243.35036420822144
-340245.82085263729095
-340248.28760755062103
-340250.75432813167572
-340253.22112226486206
-340255.68486559391022
-340258.14613926410675
-340260.6061919927597
-340263.0641998052597
-340265.51999735832214
-340267.97571730613708
-340270.42845523357391
-340272.87976276874542
-340275.32759273052216
-340277.7742680311203
-340280.21985590457916
-340282.66164088249207
-340285.10274493694305
-340287.54239165782928
-340289.97864544391632
-340292.41395044326782
-340294.84767425060272
-340297.27894675731659
-340299.70894026756287
-340302.13656902313232
-340304.56110107898712
-340306.9836745262146
-340309.40322732925415
-340311.82382130622864
-340314.24176168441772
-340316.65789186954498
-340319.07225716114044
-340321.4844799041748
-340323.89539444446564
-340326.30345296859741
-340328.7087881565094
-340331.11642515659332
-340333.51932156085968
-340335.92044377326965
-340338.31880307197571
-340340.71660542488098
-340343.11210441589355
-340345.50515782833099
-340347.89716482162476
-340350.28779292106628
-340352.67544400691986
-340355.06479263305664
-340357.44905364513397
-340359.83434891700745
-340362.21709370613098
-340364.59778773784637
-340366.97738599777222
-340369.35333430767059
-340371.73024725914001
-340374.10455679893494
-340376.47496402263641
-340378.84404122829437
-340381.21197628974915
-340383.57873845100403
-340385.94261252880096
-340388.30603492259979
-340390.66646707057953
-340393.02512788772583
-340395.3841587305069
-340397.74173998832703
-340400.09680688381195
-340402.45055460929871
-340404.80186414718628
-340407.15001404285431
-340409.49872148036957
-340411.84537076950073
-340414.19067108631134
-340416.53128266334534
-340418.86993980407715
-340421.20783996582031
-340423.54501211643219
-340425.87969279289246
-340428.21282505989075
-340430.54511451721191
-340432.87557578086853
-340435.20573949813843
-340437.53468644618988
-340439.86005711555481
-340442.1853746175766
-340444.5061366558075
-340446.82647526264191
-340449.1463919878006
-340451.46478283405304
-340453.78404092788696
-340456.10099518299103
-340458.41727340221405
-340460.73130714893341
-340463.04173457622528
-340465.35183095932007
-340467.66080808639526
-340469.96398782730103
-340472.26645040512085
-340474.5712183713913
-340476.87311100959778
-340479.17293107509613
-340481.46965336799622
-340483.76664650440216
-340486.06178760528564
-340488.35355997085571
-340490.64379858970642
-340492.93584668636322
-340495.22473037242889
-340497.51013553142548
-340499.7944803237915
-340502.07790315151215
-340504.35939610004425
-340506.63894295692444
-340508.9172660112381
-340511.19612693786621
-340513.47368454933167
-340515.74764204025269
-340518.02088224887848
-340520.29058265686035
-340522.55869901180267
-340524.82615375518799
-340527.09408497810364
-340529.36057662963867
-340531.62514388561249
-340533.88660144805908
-340536.1488037109375
-340538.41108012199402
-340540.67151308059692
-340542.9297741651535
-340545.18612945079803
-340547.44208455085754
-340549.69793438911438
-340551.94775879383087
-340554.1966598033905
-340556.4439035654068
-340558.68985617160797
-340560.9338446855545
-340563.17801976203918
-340565.42122054100037
-340567.66205096244812
-340569.9020186662674
-340572.13891017436981
-340574.37621963024139
-340576.61167669296265
-340578.84588873386383
-340581.07646203041077
-340583.30782330036163
-340585.53918719291687
-340587.76585650444031
-340589.99154961109161
-340592.21782040596008
-340594.44111895561218
-340596.66319251060486
-340598.88218367099762
-340601.10111916065216
-340603.31921172142029
-340605.53601789474487
-340607.74882698059082
-340609.95948350429535
-340612.17197334766388
-340614.38331472873688
-340616.59215569496155
-340618.80114555358887
-340621.00539839267731
-340623.20990860462189
-340625.41191565990448
-340627.61435461044312
-340629.81596076488495
-340632.01463580131531
-340634.2104434967041
-340636.4060583114624
-340638.60107946395874
-340640.79402589797974
-340642.98599684238434
-340645.17689299583435
-340647.36598646640778
-340649.55660331249237
-340651.74215710163116
-340653.92533886432648
-340656.1095712184906
-340658.29252254962921
-340660.47517955303192
-340662.65462577342987
-340664.83268177509308
-340667.00880110263824
-340669.18422341346741
-340671.3566312789917
-340673.52830791473389
-340675.70178258419037
-340677.8708621263504
-340680.04016387462616
-340682.2086021900177
-340684.37496185302734
-340686.53850305080414
-340688.7000766992569
-340690.85966074466705
-340693.02034473419189
-340695.17991197109222
-340697.33784162998199
-340699.49367022514343
-340701.64833056926727
-340703.80178368091583
-340705.95469069480896
-340708.1072211265564
-340710.25884890556335
-340712.40852570533752
-340714.5562390089035
-340716.70195114612579
-340718.84557354450226
-340720.9903998374939
-340723.13372266292572
-340725.27553749084473
-340727.41612899303436
-340729.55273246765137
-340731.69239628314972
-340733.82846224308014
-340735.96389710903168
-340738.09864950180054
-340740.22863841056824
-340742.35801827907562
-340744.48884212970734
-340746.6174111366272
-340748.74197733402252
-340750.86804842948914
-340752.9917243719101
-340755.11151719093323
-340757.23370480537415
-340759.35400724411011
-340761.47223556041718
-340763.58837914466858
-340765.70556950569153
-340767.82089638710022
-340769.93472325801849
-340772.04771399497986
-340774.15707004070282
-340776.26507818698883
-340778.37638747692108
-340780.48414504528046
-340782.59253573417664
-340784.69713222980499
-340786.80066514015198
-340788.90566432476044
-340791.01060330867767
-340793.11236095428467
-340795.20997428894043
-340797.30523729324341
-340799.40177512168884
-340801.49473130702972
-340803.59112501144409
-340805.68297576904297
-340807.77513802051544
-340809.8622807264328
-340811.95049154758453
-340814.03813910484314
-340816.12486970424652
-340818.21177625656128
-340820.2939567565918
-340822.3736310005188
-340824.45453274250031
-340826.53268182277679
-340828.61171746253967
-340830.69035828113556
-340832.76887834072113
-340834.84551966190338
-340836.92315721511841
-340838.99799346923828
-340841.07115364074707
-340843.14080035686493
-340845.21325421333313
-340847.27852892875671
-340849.34342563152313
-340851.40785145759583
-340853.47137463092804
-340855.53211438655853
-340857.59141254425049
-340859.65152084827423
-340861.71019661426544
-340863.76905727386475
-340865.82730734348297
-340867.8850736618042
-340869.93886733055115
-340871.99227380752563
-340874.04144561290741
-340876.09364831447601
-340878.14449059963226
-340880.19302809238434
-340882.23795747756958
-340884.28334498405457
-340886.32960188388824
-340888.37227761745453
-340890.41170012950897
-340892.44956302642822
-340894.48807191848755
-340896.52687096595764
-340898.56688594818115
-340900.60075700283051
-340902.63684415817261
-340904.66876006126404
-340906.6995530128479
-340908.72861099243164
-340910.75713396072388
-340912.78809690475464
-340914.81446409225464
-340916.84020209312439
-340918.86338520050049
-340920.88850593566895
-340922.90822088718414
-340924.92928814888
-340926.94832921028137
-340928.96820390224457
-340930.98883545398712
-340933.00904977321625
-340935.02329576015472
-340937.03615689277649
-340939.05209016799927
-340941.06243824958801
-340943.07562482357025
-340945.08767855167389
-340947.09763669967651
-340949.10639631748199
-340951.11462676525116
-340953.11939251422882
-340955.12505161762238
-340957.12946832180023
-340959.13135325908661
-340961.13131558895111
-340963.1294356584549
-340965.12805473804474
-340967.12497687339783
-340969.11928045749664
-340971.11404860019684
-340973.10479819774628
-340975.09538543224335
-340977.08397269248962
-340979.071857213974
-340981.05940461158752
-340983.04276561737061
-340985.02673029899597
-340987.01272809505463
-340988.99909150600433
-340990.98155927658081
-340992.96559286117554
-340994.94573891162872
-340996.92832016944885
-340998.9051456451416
-341000.8823527097702
-341002.8583642244339
-341004.8328400850296
-341006.80538010597229
-341008.77715444564819
-341010.74929773807526
-341012.71675395965576
-341014.68368518352509
-341016.64908957481384
-341018.61612474918365
-341020.58120810985565
-341022.54416859149933
-341024.50949621200562
-341026.47206664085388
-341028.43357563018799
-341030.3910186290741
-341032.35253691673279
-341034.30856251716614
-341036.26353597640991
-341038.21717417240143
-341040.16832888126373
-341042.12246572971344
-341044.06944680213928
-341046.01787352561951
-341047.96747314929962
-341049.91462564468384
-341051.86498188972473
-341053.81132709980011
-341055.75578892230988
-341057.69935631752014
-341059.63845860958099
-341061.57968544960022
-341063.52233111858368
-341065.4585565328598
-341067.39782011508942
-341069.33706390857697
-341071.2725670337677
-341073.20524597167969
-341075.1378026008606
-341077.06652331352234
-341078.99566352367401
-341080.92490553855896
-341082.85306477546692
-341084.7806499004364
-341086.70497393608093
-341088.62845611572266
-341090.55241942405701
-341092.47628343105316
-341094.39943969249725
-341096.31764233112335
-341098.23223805427551
-341100.14661467075348
-341102.06591641902924
-341103.98308861255646
-341105.89820003509521
-341107.8147120475769
-341109.72687518596649
-341111.63811028003693
-341113.54858553409576
-341115.45534324645996
-341117.36166942119598
-341119.26953816413879
-341121.17510795593262
-341123.07967352867126
-341124.98366618156433
-341126.8876359462738
-341128.78875124454498
-341130.68968558311462
-341132.58572494983673
-341134.48238337039948
-341136.37762439250946
-341138.27629399299622
-341140.16911888122559
-341142.06288158893585
-341143.95187830924988
-341145.83933687210083
-341147.72762024402618
-341149.61534678936005
-341151.50115716457367
-341153.38957858085632
-341155.27248883247375
-341157.15775370597839
-341159.03646397590637
-341160.91735935211182
-341162.79851448535919
-341164.67383015155792
-341166.5545392036438
-341168.43135368824005
-341170.30330717563629
-341172.1780754327774
-341174.05284345149994
-341175.92516374588013
-341177.79904234409332
-341179.67062890529633
-341181.54210841655731
-341183.40927338600159
-341185.27632462978363
-341187.14297473430634
-341189.00632739067078
-341190.86636245250702
-341192.72765934467316
-341194.58999729156494
-341196.45252132415771
-341198.30897188186646
-341200.16808044910431
-341202.02207708358765
-341203.87720513343811
-341205.72898304462433
-341207.5851024389267
-341209.43626081943512
-341211.28651297092438
-341213.13816499710083
-341214.98760437965393
-341216.83382368087769
-341218.67985999584198
-341220.52302587032318
-341222.3683112859726
-341224.21046507358551
-341226.05470168590546
-341227.89638292789459
-341229.74083340167999
-341231.5759094953537
-341233.41357612609863
-341235.25143218040466
-341237.08601486682892
-341238.9201226234436
-341240.7527369260788
-341242.58124279975891
-341244.41130125522614
-341246.24345147609711
-341248.07160580158234
-341249.90007364749908
-341251.72680461406708
-341253.54932355880737
-341255.3734917640686
-341257.1933000087738
-341259.01580452919006
-341260.83619165420532
-341262.65666997432709
-341264.47716796398163
-341266.29574239253998
-341268.1128523349762
-341269.92614531517029
-341271.73950016498566
-341273.55069541931152
-341275.36484885215759
-341277.17556416988373
-341278.98645067214966
-341280.79675996303558
-341282.60380828380585
-341284.41104257106781
-341286.21591901779175
-341288.01855063438416
-341289.82364571094513
-341291.62457644939423
-341293.42419004440308
-341295.22169482707977
-341297.01826214790344
-341298.81473290920258
-341300.60920655727386
-341302.40497303009033
-341304.19857978820801
-341305.98909652233124
-341307.77994799613953
-341309.56980764865875
-341311.35773241519928
-341313.14628088474274
-341314.93634450435638
-341316.72263789176941
-341318.507936835289
-341320.29004836082458
-341322.07261919975281
-341323.85552132129669
-341325.6367324590683
-341327.41242182254791
-341329.18988621234894
-341330.96652913093567
-341332.74308609962463
-341334.5157505273819
-341336.28760409355164
-341338.05778181552887
-341339.82925164699554
-341341.59610438346863
-341343.36569201946259
-341345.13489210605621
-341346.8962265253067
-341348.66470050811768
-341350.42947375774384
-341352.19564509391785
-341353.95582902431488
-341355.71453893184662
-341357.47542262077332
-341359.23349273204803
-341360.99147093296051
-341362.74771881103516
-341364.50254821777344
-341366.25634443759918
-341368.01011061668396
-341369.76323211193085
-341371.51540291309357
-341373.25964331626892
-341375.00947439670563
-341376.75579214096069
-341378.49674570560455
-341380.24064815044403
-341381.98313200473785
-341383.72680974006653
-341385.47600936889648
-341387.21653914451599
-341388.95650637149811
-341390.69408071041107
-341392.43567776679993
-341394.17529499530792
-341395.91028738021851
-341397.64497172832489
-341399.37645900249481
-341401.10692036151886
-341402.83810615539551
-341404.56701576709747
-341406.29304492473602
-341408.01862382888794
-341409.74780774116516
-341411.47694551944733
-341413.19770610332489
-341414.92155611515045
-341416.6442266702652
-341418.36314499378204
-341420.08287024497986
-341421.80211818218231
-341423.5189905166626
-341425.23788595199585
-341426.95274543762207
-341428.6685072183609
-341430.38141655921936
-341432.09032487869263
-341433.80187904834747
-341435.50903916358948
-341437.22016966342926
-341438.92946743965149
-341440.63664746284485
-341442.33781826496124
-341444.04390001296997
-341445.74455451965332
-341447.44494986534119
-341449.14493000507355
-341450.84215009212494
-341452.53854274749756
-341454.23712265491486
-341455.92744266986847
-341457.62765622138977
-341459.3221263885498
-341461.01325690746307
-341462.70146012306213
-341464.3897430896759
-341466.07759487628937
-341467.76540350914001
-341469.44874262809753
-341471.13304281234741
-341472.81631922721863
-341474.49863374233246
-341476.18219661712646
-341477.86364936828613
-341479.54557347297668
-341481.22305417060852
-341482.90011167526245
-341484.57484614849091
-341486.24499976634979
-341487.92188727855682
-341489.59439027309418
-341491.26411175727844
-341492.93457436561584
-341494.60249722003937
-341496.27188086509705
-341497.93804371356964
-341499.60218596458435
-341501.26757526397705
-341502.92542946338654
-341504.58467376232147
-341506.24657762050629
-341507.91048538684845
-341509.56973743438721
-341511.22662794589996
-341512.88137304782867
-341514.53720891475677
-341516.19374942779541
-341517.84765565395355
-341519.50135099887848
-341521.14979636669159
-341522.80099296569824
-341524.44892287254333
-341526.0941903591156
-341527.7364684343338
-341529.37961232662201
-341531.02202117443085
-341532.66476702690125
-341534.30675315856934
-341535.94747805595398
-341537.58766651153564
-341539.22391760349274
-341540.85988664627075
-341542.49176979064941
-341544.12348544597626
-341545.75847172737122
-341547.3923065662384
-341549.0243901014328
-341550.65152561664581
-341552.2774806022644
-341553.90328896045685
-341555.52907574176788
-341557.15208685398102
-341558.7774031162262
-341560.39497566223145
-341562.01475560665131
-341563.63364207744598
-341565.2492903470993
-341566.86661899089813
-341568.48078179359436
-341570.09299516677856
-341571.70233774185181
-341573.31854212284088
-341574.93171191215515
-341576.54115414619446
-341578.14973938465118
-341579.75347685813904
-341581.35807800292969
-341582.95921683311462
-341584.55598056316376
-341586.15897035598755
-341587.7591404914856
-341589.35986840724945
-341590.95510745048523
-341592.5529807806015
-341594.15041518211365
-341595.74558484554291
-341597.34107983112335
-341598.93208730220795
-341600.52226996421814
-341602.11243331432343
-341603.70468294620514
-341605.2942441701889
-341606.88193225860596
-341608.46511375904083
-341610.04680478572845
-341611.63290357589722
-341613.21387958526611
-341614.79309105873108
-341616.36790645122528
-341617.94403529167175
-341619.52264630794525
-341621.09748208522797
-341622.67287993431091
-341624.2452894449234
-341625.81561517715454
-341627.38438832759857
-341628.95317411422729
-341630.52288126945496
-341632.09273648262024
-341633.65409362316132
-341635.21873414516449
-341636.78064179420471
-341638.34719347953796
-341639.90455770492554
-341641.46061754226685
-341643.01714158058167
-341644.57188081741333
-341646.12820243835449
-341647.68207383155823
-341649.23532223701477
-341650.79065275192261
-341652.3443101644516
-341653.89251029491425
-341655.44072079658508
-341656.98587989807129
-341658.52692568302155
-341660.06629693508148
-341661.61239278316498
-341663.15139448642731
-341664.69290947914124
-341666.22911190986633
-341667.7671525478363
-341669.30474126338959
-341670.83744418621063
-341672.37242710590363
-341673.90421652793884
-341675.43998610973358
-341676.96706593036652
-341678.49301540851593
-341680.02358984947205
-341681.54816389083862
-341683.07144796848297
-341684.60000276565552
-341686.11957514286041
-341687.63719952106476
-341689.15333020687103
-341690.66812562942505
-341692.18728315830231
-341693.69978976249695
-341695.21451354026794
-341696.72519838809967
-341698.23977470397949
-341699.7550482749939
-341701.26162564754486
-341702.76873028278351
-341704.27682197093964
-341705.77968502044678
-341707.28174042701721
-341708.7845094203949
-341710.28683340549469
-341711.78502535820007
-341713.28614795207977
-341714.78521156311035
-341716.28154861927032
-341717.78208374977112
-341719.27915346622467
-341720.77597260475159
-341722.27006471157074
-341723.75875699520111
-341725.25394809246063
-341726.74095451831818
-341728.22649729251862
-341729.70969545841217
-341731.192795753479
-341732.6754275560379
-341734.15583693981171
-341735.63418698310852
-341737.10951507091522
-341738.58601498603821
-341740.06331658363342
-341741.5355384349823
-341743.00837028026581
-341744.48258566856384
-341745.95362150669098
-341747.42321443557739
-341748.88591551780701
-341750.35411036014557
-341751.82047271728516
-341753.28580665588379
-341754.74579834938049
-341756.2085839509964
-341757.66848862171173
-341759.12534177303314
-341760.58346199989319
-341762.03694438934326
-341763.49506425857544
-341764.94630861282349
-341766.39524948596954
-341767.84150183200836
-341769.28563177585602
-341770.72903847694397
-341772.17270290851593
-341773.6175754070282
-341775.06398713588715
-341776.50606727600098
-341777.94943761825562
-341779.39102816581726
-341780.83124899864197
-341782.26526880264282
-341783.70298361778259
-341785.13688743114471
-341786.56901347637177
-341788.00011372566223
-341789.43112409114838
-341790.86051833629608
-341792.2881737947464
-341793.72004461288452
-341795.14941954612732
-341796.573606133461
-341797.99869251251221
-341799.41408061981201
-341800.83112263679504
-341802.25011503696442
-341803.66457486152649
-341805.07904148101807
-341806.49296855926514
-341807.90555858612061
-341809.3144965171814
-341810.72422361373901
-341812.13783621788025
-341813.54561722278595
-341814.95324301719666
-341816.36098909378052
-341817.76757574081421
-341819.16647291183472
-341820.56667160987854
-341821.96343457698822
-341823.3544499874115
-341824.74691534042358
-341826.13971829414368
-341827.52897226810455
-341828.91958057880402
-341830.30942523479462
-341831.69803977012634
-341833.08967936038971
-341834.47221851348877
-341835.85170876979828
-341837.23431730270386
-341838.61223661899567
-341839.98709619045258
-341841.36699330806732
-341842.74629497528076
-341844.12078201770782
-341845.50273859500885
-341846.87647688388824
-341848.24494767189026
-341849.61643981933594
-341850.98321092128754
-341852.35311639308929
-341853.71609044075012
-341855.08052349090576
-341856.43964493274689
-341857.80174887180328
-341859.16039037704468
-341860.52094662189484
-341861.87706160545349
-341863.2314612865448
-341864.58136415481567
-341865.93422567844391
-341867.28370940685272
-341868.6341370344162
-341869.98309290409088
-341871.32854950428009
-341872.6805157661438
-341874.02806615829468
-341875.36484229564667
-341876.70924198627472
-341878.04702770709991
-341879.38523590564728
-341880.71956825256348
-341882.05270230770111
-341883.38235831260681
-341884.71075177192688
-341886.03938484191895
-341887.36706483364105
-341888.69266080856323
-341890.01089894771576
-341891.33615529537201
-341892.65553307533264
-341893.97529411315918
-341895.29642879962921
-341896.60890126228333
-341897.92201578617096
-341899.23682308197021
-341900.54963064193726
-341901.85509955883026
-341903.16235256195068
-341904.4719465970993
-341905.77969455718994
-341907.08166241645813
-341908.38730716705322
-341909.68434751033783
-341910.98955571651459
-341912.28578114509583
-341913.58477127552032
-341914.87814438343048
-341916.17658829689026
-341917.46910905838013
-341918.76079714298248
-341920.04581129550934
-341921.33431756496429
-341922.61739730834961
-341923.8948267698288
-341925.17921841144562
-341926.45669806003571
-341927.72964549064636
-341929.00932085514069
-341930.28869223594666
-341931.56144654750824
-341932.82831108570099
-341934.10072374343872
-341935.36880505084991
-341936.63151121139526
-341937.89591062068939
-341939.16364622116089
-341940.42706692218781
-341941.6892386674881
-341942.95009553432465
-341944.21000874042511
-341945.46641540527344
-341946.7208948135376
-341947.9813779592514
-341949.23161351680756
-341950.47898983955383
-341951.72992897033691
-341952.97442269325256
-341954.21403682231903
-341955.45803892612457
-341956.69347274303436
-341957.93261003494263
-341959.16910660266876
-341960.40459191799164
-341961.64399838447571
-341962.87918341159821
-341964.11636900901794
-341965.34204423427582
-341966.57219910621643
-341967.80265986919403
-341969.0277224779129
-341970.25655543804169
-341971.47481739521027
-341972.69206070899963
-341973.90330791473389
-341975.12128865718842
-341976.34129619598389
-341977.55613231658936
-341978.76323294639587
-341979.97018456459045
-341981.18055999279022
-341982.38893830776215
-341983.59252655506134
-341984.7869838476181
-341985.98151457309723
-341987.18291294574738
-341988.38117611408234
-341989.58191776275635
-341990.77344584465027
-341991.96530473232269
-341993.15327513217926
-341994.34269177913666
-341995.52953863143921
-341996.7171323299408
-341997.90092778205872
-341999.08834147453308
-342000.27657973766327
-342001.45591557025909
-342002.63419616222382
-342003.81143176555634
-342004.98730516433716
-342006.1591614484787
-342007.32884395122528
-342008.50053548812866
-342009.6634156703949
-342010.83181238174438
-342012.00025796890259
-342013.16199970245361
-342014.32224857807159
-342015.47575056552887
-342016.63444817066193
-342017.79147744178772
-342018.94489145278931
-342020.10170531272888
-342021.25492584705353
-342022.40742611885071
-342023.56421101093292
-342024.71232867240906
-342025.86214554309845
-342027.00647819042206
-342028.14286911487579
-342029.28305268287659
-342030.42044711112976
-342031.56096625328064
-342032.69610726833344
-342033.82489049434662
-342034.95725667476654
-342036.08075344562531
-342037.21633291244507
-342038.33936452865601
-342039.46438097953796
-342040.59166491031647
-342041.70864021778107
-342042.82693529129028
-342043.95065581798553
-342045.06641244888306
-342046.17866170406342
-342047.28491473197937
-342048.38978779315948
-342049.49783062934875
-342050.59709227085114
-342051.70483756065369
-342052.80231010913849
-342053.90866076946259
-342055.01121258735657
-342056.10906684398651
-342057.20176863670349
-342058.29240739345551
-342059.38515675067902
-342060.47015154361725
-342061.55113768577576
-342062.63768303394318
-342063.72067749500275
-342064.80336499214172
-342065.88062977790833
-342066.95477652549744
-342068.03094601631165
-342069.1055623292923
-342070.17828774452209
-342071.25429618358612
-342072.32734513282776
-342073.39767515659332
-342074.46825218200684
-342075.52961587905884
-342076.59231984615326
-342077.65202260017395
-342078.70197033882141
-342079.75983738899231
-342080.80952751636505
-342081.86290669441223
-342082.9103319644928
-342083.96436560153961
-342085.0101500749588
-342086.05742228031158
-342087.09645926952362
-342088.1363433599472
-342089.18119728565216
-342090.21975123882294
-342091.24671030044556
-342092.27645099163055
-342093.29923367500305
-342094.3223123550415
-342095.34599542617798
-342096.36552321910858
-342097.38811182975769
-342098.41639828681946
-342099.43970084190369
-342100.45250833034515
-342101.46634268760681
-342102.47495102882385
-342103.48326742649078
-342104.48847544193268
-342105.49581515789032
-342106.50402903556824
-342107.50895726680756
-342108.51047968864441
-342109.51202440261841
-342110.51311826705933
-342111.51733243465424
-342112.51084554195404
-342113.5017603635788
-342114.49881887435913
-342115.48313808441162
-342116.46902656555176
-342117.46045899391174
-342118.44342947006226
-342119.42530500888824
-342120.41194093227386
-342121.39038288593292
-342122.36238527297974
-342123.34423673152924
-342124.32426178455353
-342125.30530440807343
-342126.2778126001358
-342127.25270962715149
-342128.22310447692871
-342129.19389379024506
-342130.16027557849884
-342131.12501490116119
-342132.08240497112274
-342133.03654909133911
-342133.99753475189209
-342134.95354783535004
-342135.90847229957581
-342136.85944068431854
-342137.81289124488831
-342138.75923371315002
-342139.70352709293365
-342140.64978539943695
-342141.58925127983093
-342142.5277783870697
-342143.46193134784698
-342144.39298379421234
-342145.32693862915039
-342146.25651669502258
-342147.18775010108948
-342148.1120445728302
-342149.03879451751709
-342149.96340489387512
-342150.88476407527924
-342151.8013209104538
-342152.72494208812714
-342153.64997482299805
-342154.56207823753357
-342155.46605205535889
-342156.37598073482513
-342157.27646350860596
-342158.18035244941711
-342159.08292376995087
-342159.98347890377045
-342160.8845489025116
-342161.77631866931915
-342162.67616653442383
-342163.56989288330078
-342164.47109770774841
-342165.35588371753693
-342166.24997353553772
-342167.14116704463959
-342168.01899921894073
-342168.89717733860016
-342169.78320670127869
-342170.66052484512329
-342171.53028631210327
-342172.39453423023224
-342173.26810657978058
-342174.1262149810791
-342174.98691344261169
-342175.85895907878876
-342176.72880804538727
-342177.59683191776276
-342178.4587664604187
-342179.3142169713974
-342180.16928291320801
-342181.01402711868286
-342181.86456120014191
-342182.70948028564453
-342183.54884374141693
-342184.39537119865417
-342185.23944282531738
-342186.08513474464417
-342186.92077970504761
-342187.75671792030334
-342188.57769155502319
-342189.41430580615997
-342190.23562335968018
-342191.04885005950928
-342191.86949181556702
-342192.70145702362061
-342193.52216219902039
-342194.33028256893158
-342195.1535816192627
-342195.95841503143311
-342196.77452623844147
-342197.57921051979065
-342198.37905144691467
-342199.17771029472351
-342199.96383202075958
-342200.75795066356659
-342201.5529260635376
-342202.34275805950165
-342203.13940155506134
-342203.91503345966339
-342204.69599115848541
-342205.47017204761505
-342206.24552726745605
-342207.02447605133057
-342207.78914034366608
-342208.55824148654938
-342209.32124102115631
-342210.08476722240448
-342210.84364926815033
-342211.60469806194305
-342212.3583642244339
-342213.10166156291962
-342213.843470454216
-342214.58394861221313
-342215.32689523696899
-342216.06642162799835
-342216.81094145774841
-342217.54561138153076
-342218.27596271038055
-342219.00531351566315
-342219.74272525310516
-342220.4618399143219
-342221.18729424476624
-342221.90232503414154
-342222.6192786693573
-342223.33174932003021
-342224.04368758201599
-342224.75061845779419
-342225.46684408187866
-342226.16423213481903
-342226.8453311920166
-342227.5399979352951
-342228.23431742191315
-342228.927361369133
-342229.61502182483673
-342230.30532228946686
-342230.98012852668762
-342231.66562485694885
-342232.34339547157288
-342233.01699352264404
-342233.67727935314178
-342234.34591579437256
-342235.01063227653503
-342235.67831766605377
-342236.3377857208252
-342237.00470328330994
-342237.656210064888
-342238.31201028823853
-342238.95392525196075
-342239.59426426887512
-342240.2434196472168
-342240.87471282482147
-342241.50870192050934
-342242.12412011623383
-342242.75165808200836
-342243.37339353561401
-342244.00080633163452
-342244.62658703327179
-342245.23608899116516
-342245.85174155235291
-342246.44804191589355
-342247.04655075073242
-342247.65415751934052
-342248.25233614444733
-342248.84123277664185
-342249.42349696159363
-342250.00045132637024
-342250.57085990905762
-342251.14540600776672
-342251.73015666007996
-342252.29796707630157
-342252.87398815155029
-342253.44672966003418
-342254.00009524822235
-342254.55367922782898
-342255.11037957668304
-342255.649338722229
-342256.18187868595123
-342256.71935939788818
-342257.26258587837219
-342257.7992582321167
-342258.33162248134613
-342258.87033450603485
-342259.40028619766235
-342259.91997754573822
-342260.43344843387604
-342260.94429934024811
-342261.4608758687973
-342261.96968281269073
-342262.47935593128204
-342262.9846259355545
-342263.49212038516998
-342263.98383021354675
-342264.46509075164795
-342264.96356952190399
-342265.4496818780899
-342265.916295170784
-342266.3866947889328
-342266.8512624502182
-342267.30736017227173
-342267.78021550178528
-342268.22975182533264
-342268.67976665496826
-342269.12200963497162
-342269.5694819688797
-342270.0021014213562
-342270.43295204639435
-342270.85366404056549
-342271.28869259357452
-342271.71792209148407
-342272.13462209701538
-342272.54279971122742
-342272.96254801750183
-342273.36970353126526
-342273.77023363113403
-342274.16765320301056
-342274.54942882061005
-342274.92408883571625
-342275.310063123703
-342275.67779541015625
-342276.06018495559692
-342276.43453252315521
-342276.8013801574707
-342277.16052711009979
-342277.53122556209564
-342277.89103841781616
-342278.23173213005066
-342278.58157587051392
-342278.92074847221375
-342279.26024460792542
-342279.59387731552124
-342279.91283142566681
-342280.2385356426239
