-479705.69501388072968
-479703.11359453201294
-479700.6148669719696
-479698.0279415845871
-479695.4810619354248
-479692.87299263477325
-479690.31371080875397
-479687.74708449840546
-479685.19106543064117
-479682.60972237586975
-479680.02461004257202
-479677.45509898662567
-479674.82278740406036
-479672.20498728752136
-479669.55615127086639
-479666.92451632022858
-479664.27233350276947
-479661.60079145431519
-479658.95841288566589
-479656.32167375087738
-479653.66782450675964
-479651.04312467575073
-479648.40213990211487
-479645.77360510826111
-479643.1191577911377
-479640.46168875694275
-479637.80640017986298
-479635.11690473556519
-479632.44894337654114
-479629.76985156536102
-479627.10469007492065
-479624.4211733341217
-479621.76385605335236
-479619.10851037502289
-479616.45252633094788
-479613.80027794837952
-479611.14418482780457
-479608.50536251068115
-479605.85252809524536
-479603.1870151758194
-479600.51529633998871
-479597.83425688743591
-479595.16208899021149
-479592.50060093402863
-479589.83097434043884
-479587.16003501415253
-479584.49700045585632
-479581.84050631523132
-479579.17582511901855
-479576.51113438606262
-479573.84159326553345
-479571.17469644546509
-479568.51061677932739
-479565.85703182220459
-479563.20167505741119
-479560.53518199920654
-479557.87229537963867
-479555.2061482667923
-479552.55046820640564
-479549.88367640972137
-479547.22194683551788
-479544.54422461986542
-479541.88169658184052
-479539.21840667724609
-479536.54190754890442
-479533.88180756568909
-479531.2088782787323
-479528.52307736873627
-479525.8641300201416
-479523.19257843494415
-479520.51734638214111
-479517.85428404808044
-479515.17165374755859
-479512.50511753559113
-479509.84519827365875
-479507.1896824836731
-479504.54429066181183
-479501.89174222946167
-479499.24126756191254
-479496.58520126342773
-479493.93181920051575
-479491.27800238132477
-479488.62408220767975
-479485.97447800636292
-479483.32108592987061
-479480.67108714580536
-479478.01564204692841
-479475.3507593870163
-479472.68920409679413
-479470.03668344020844
-479467.37238931655884
-479464.70323061943054
-479462.03662240505219
-479459.37259030342102
-479456.71985149383545
-479454.05548393726349
-479451.39990305900574
-479448.73790562152863
-479446.0854424238205
-479443.42966341972351
-479440.76153290271759
-479438.09936702251434
-479435.43581855297089
-479432.76754450798035
-479430.1081131696701
-479427.43666648864746
-479424.77640223503113
-479422.11971914768219
-479419.45475137233734
-479416.79452800750732
-479414.13214385509491
-479411.48140501976013
-479408.82135498523712
-479406.16356992721558
-479403.5084388256073
-479400.858931183815
-479398.20564067363739
-479395.56095743179321
-479392.91563951969147
-479390.28118348121643
-479387.63960874080658
-479384.99454689025879
-479382.34786224365234
-479379.70305502414703
-479377.05968582630157
-479374.41461110115051
-479371.77584719657898
-479369.13271272182465
-479366.49020838737488
-479363.84583973884583
-479361.19765436649323
-479358.55466604232788
-479355.90816283226013
-479353.26573002338409
-479350.6188952922821
-479347.97188031673431
-479345.32793688774109
-479342.68587684631348
-479340.0475982427597
-479337.41586017608643
-479334.78176987171173
-479332.13260984420776
-479329.49223375320435
-479326.86447298526764
-479324.23666644096375
-479321.60435581207275
-479318.96653473377228
-479316.32166302204132
-479313.68765294551849
-479311.05518364906311
-479308.40267169475555
-479305.76260328292847
-479303.11866068840027
-479300.48262751102448
-479297.8360241651535
-479295.19126749038696
-479292.55525279045105
-479289.91610336303711
-479287.27772796154022
-479284.63924157619476
-479281.99341702461243
-479279.35645627975464
-479276.71506226062775
-479274.08287310600281
-479271.44867086410522
-479268.82592678070068
-479266.18526315689087
-479263.55640506744385
-479260.91933333873749
-479258.28604161739349
-479255.65058696269989
-479253.01473391056061
-479250.38205969333649
-479247.75623190402985
-479245.12080514431
-479242.48165249824524
-479239.84564971923828
-479237.20824813842773
-479234.57292175292969
-479231.94523215293884
-479229.31050658226013
-479226.67498934268951
-479224.04027962684631
-479221.40683567523956
-479218.7799985408783
-479216.14115118980408
-479213.51042234897614
-479210.88430154323578
-479208.25905561447144
-479205.63421928882599
-479203.00863575935364
-479200.38132643699646
-479197.74751579761505
-479195.12262427806854
-479192.49119412899017
-479189.86016643047333
-479187.23710811138153
-479184.60874843597412
-479181.98341190814972
-479179.35008859634399
-479176.72296571731567
-479174.09702289104462
-479171.47171032428741
-479168.83778762817383
-479166.21511745452881
-479163.58955407142639
-479160.96210527420044
-479158.33283638954163
-479155.70135974884033
-479153.06906092166901
-479150.43328893184662
-479147.80808770656586
-479145.17610335350037
-479142.54147601127625
-479139.91712164878845
-479137.28577661514282
-479134.65456390380859
-479132.02657794952393
-479129.40220987796783
-479126.76650285720825
-479124.14063966274261
-479121.51515829563141
-479118.88872134685516
-479116.26140940189362
-479113.63388502597809
-479111.00868117809296
-479108.38736033439636
-479105.75600683689117
-479103.132568359375
-479100.49691140651703
-479097.87724578380585
-479095.25489437580109
-479092.62873947620392
-479090.00127160549164
-479087.37084376811981
-479084.75018489360809
-479082.13034474849701
-479079.49795603752136
-479076.87904179096222
-479074.26133513450623
-479071.63717401027679
-479069.01413154602051
-479066.39186096191406
-479063.77316069602966
-479061.15057516098022
-479058.52715229988098
-479055.90333521366119
-479053.27829134464264
-479050.65914273262024
-479048.03647172451019
-479045.41497027873993
-479042.78507542610168
-479040.15750598907471
-479037.5259245634079
-479034.89610040187836
-479032.26926338672638
-479029.63844382762909
-479027.00680041313171
-479024.37843751907349
-479021.75069999694824
-479019.12299931049347
-479016.49784672260284
-479013.87498271465302
-479011.24505174160004
-479008.62261199951172
-479005.99317109584808
-479003.36745297908783
-479000.74230015277863
-478998.11672306060791
-478995.49302041530609
-478992.87640082836151
-478990.24625408649445
-478987.6240246295929
-478984.99767339229584
-478982.36500358581543
-478979.74712133407593
-478977.12557411193848
-478974.49692797660828
-478971.87698495388031
-478969.25717806816101
-478966.63764905929565
-478964.01503729820251
-478961.39425039291382
-478958.7784857749939
-478956.15748703479767
-478953.53859663009644
-478950.91108894348145
-478948.29228961467743
-478945.66591536998749
-478943.0460067987442
-478940.4230592250824
-478937.79649782180786
-478935.18026983737946
-478932.55416035652161
-478929.92632126808167
-478927.29651999473572
-478924.66830348968506
-478922.03830945491791
-478919.40340292453766
-478916.77226376533508
-478914.13464987277985
-478911.49667680263519
-478908.85604405403137
-478906.21082842350006
-478903.57251918315887
-478900.92152726650238
-478898.26093697547913
-478895.60835814476013
-478892.94513511657715
-478890.28472995758057
-478887.61966335773468
-478884.9503288269043
-478882.27857840061188
-478879.59742701053619
-478876.91767358779907
-478874.23077058792114
-478871.53654098510742
-478868.83945298194885
-478866.13090884685516
-478863.41517436504364
-478860.691410779953
-478857.96478641033173
-478855.22841572761536
-478852.48063397407532
-478849.72496771812439
-478846.96771728992462
-478844.19835209846497
-478841.412029504776
-478838.61737060546875
-478835.81550407409668
-478832.99255478382111
-478830.16331887245178
-478827.31578528881073
-478824.46061849594116
-478821.58958077430725
-478818.70309233665466
-478815.80561339855194
-478812.89160048961639
-478809.95844674110413
-478807.00731730461121
-478804.03821039199829
-478801.05089890956879
-478798.04426503181458
-478795.02003967761993
-478791.97896015644073
-478788.91542315483093
-478785.83999300003052
-478782.74993121623993
-478779.62926638126373
-478776.49542653560638
-478773.33389282226562
-478770.15616631507874
-478766.95756435394287
-478763.7343270778656
-478760.49674379825592
-478757.23340857028961
-478753.94467723369598
-478750.63485288619995
-478747.30454754829407
-478743.95953452587128
-478740.58905172348022
-478737.19592666625977
-478733.76819479465485
-478730.32062292098999
-478726.8594958782196
-478723.37048840522766
-478719.85783088207245
-478716.31747162342072
-478712.75833213329315
-478709.1780618429184
-478705.55785667896271
-478701.9120717048645
-478698.24584531784058
-478694.54377090930939
-478690.8250378370285
-478687.07560288906097
-478683.31266903877258
-478679.51060688495636
-478675.67164027690887
-478671.82142889499664
-478667.93866789340973
-478664.02570736408234
-478660.07543981075287
-478656.11360609531403
-478652.1157306432724
-478648.08397591114044
-478644.01595687866211
-478639.93180406093597
-478635.81162631511688
-478631.66234242916107
-478627.48818206787109
-478623.27286529541016
-478619.02000272274017
-478614.74771177768707
-478610.43854594230652
-478606.10422801971436
-478601.73388826847076
-478597.33411276340485
-478592.9066436290741
-478588.44067823886871
-478583.94202411174774
-478579.40544879436493
-478574.81062722206116
-478570.20553660392761
-478565.55424571037292
-478560.88344824314117
-478556.17311429977417
-478551.42248034477234
-478546.62820756435394
-478541.80245339870453
-478536.93623721599579
0
0
0
0
0
0
0
0
0
0
0
0
0
0
0
0
0
0
0
0
0
0
0
0
0
0
0
0
0
0
0
0
0
0
0
0
0
0
0
0
0
0
0
0
0
0
0
0
0
0
0
0
0
0
0
0
0
0
0
0
0
0
0
0
0
0
0
0
0
0
0
0
0
0
0
0
0
0
0
0
0
0
0
0
0
0
0
0
0
0
0
0
0
0
0
0
0
0
0
0
0
0
0
0
0
0
0
0
0
0
0
0
0
0
0
0
0
0
0
0
0
0
0
0
0
0
0
0
0
0
0
0
0
0
0
0
0
0
0
0
0
0
0
0
0
0
0
0
0
0
0
0
0
0
0
0
0
0
0
0
0
0
0
0
0
0
0
0
0
0
0
0
0
0
0
0
0
0
0
0
0
0
0
0
0
0
0
0
0
0
0
0
0
0
0
0
0
0
0
0
0
0
0
0
0
0
0
0
0
0
0
0
0
0
0
0
0
0
0
0
0
0
0
0
0
0
0
0
0
0
0
0
0
0
0
0
0
0
0
0
0
0
0
0
0
0
0
0
0
0
0
0
0
0
0
0
0
0
0
0
0
0
0
0
0
0
0
0
0
0
0
0
0
0
0
0
0
0
0
0
0
0
0
0
0
0
0
0
0
0
0
0
0
0
0
0
0
0
0
0
0
0
0
0
0
0
0
0
0
0
0
0
0
0
0
0
0
0
0
0
0
0
0
0
0
0
0
0
0
0
0
0
0
0
0
0
0
0
0
0
0
0
0
0
0
0
0
0
0
0
0
0
0
0
0
0
0
0
0
0
0
0
0
0
0
0
0
0
0
0
0
0
0
0
0
0
0
0
0
0
0
0
0
0
0
0
0
0
0
0
0
0
0
0
0
0
0
0
0
0
0
0
0
0
0
0
0
0
0
0
0
0
0
0
0
0
0
0
0
0
0
0
0
0
0
0
0
0
0
0
0
0
0
0
0
0
0
0
0
0
0
0
0
0
0
0
0
0
0
0
0
0
0
0
0
0
0
0
0
0
0
0
0
0
0
0
0
0
0
0
0
0
0
0
0
0
0
0
0
0
0
0
0
0
0
0
0
0
0
0
0
0
0
0
0
0
0
0
0
0
0
0
0
0
0
0
0
0
0
0
0
0
0
0
0
0
0
0
0
0
0
0
0
0
0
0
0
0
0
0
0
0
0
0
0
0
0
0
0
0
0
0
0
0
0
0
0
0
0
0
0
0
0
0
0
0
0
0
0
0
0
0
0
0
0
0
0
0
0
0
0
0
0
0
0
0
0
0
0
0
0
0
0
0
0
0
0
0
0
0
0
0
0
0
0
0
0
0
0
0
0
0
0
0
0
0
0
0
0
0
0
0
0
0
0
0
0
0
0
0
0
0
0
0
0
0
0
0
0
0
0
0
0
0
0
0
0
0
0
0
0
0
0
0
0
0
0
0
0
0
0
0
0
0
0
0
0
0
0
0
0
0
0
0
0
0
0
0
0
0
0
0
0
0
0
0
0
0
0
0
0
0
0
0
0
0
0
0
0
0
0
0
0
0
0
0
0
0
0
0
0
0
0
0
0
0
0
0
0
0
0
0
0
0
0
0
0
0
0
0
0
0
0
0
0
0
0
0
0
0
0
0
0
0
0
0
0
0
0
0
0
0
0
0
0
0
0
0
0
0
0
0
0
0
0
0
0
0
0
0
0
0
0
0
0
0
0
0
0
0
0
0
0
0
0
0
0
0
0
0
0
0
0
0
0
0
0
0
0
0
0
0
0
0
0
0
0
0
0
0
0
0
0
0
0
0
0
0
0
0
0
0
0
0
0
0
0
0
0
0
0
0
0
0
0
0
0
0
0
0
0
0
0
0
0
0
0
0
0
0
0
0
0
0
0
0
0
0
0
0
0
0
0
0
0
0
0
0
0
0
0
0
0
0
0
0
0
0
0
0
0
0
0
0
0
0
0
0
0
0
0
0
0
0
0
0
0
0
0
0
0
0
0
0
0
0
0
0
0
0
0
0
0
0
0
0
0
0
0
0
0
0
0
0
0
0
0
0
0
0
0
0
0
0
0
0
0
0
0
0
0
0
0
0
0
0
0
0
0
0
0
0
0
0
0
0
0
0
0
0
0
0
0
0
0
0
0
0
0
0
0
0
0
0
0
0
0
0
0
0
0
0
0
0
0
0
0
0
0
0
0
0
0
0
0
0
0
0
0
0
0
0
0
0
0
0
0
0
0
0
0
0
0
0
0
0
0
0
0
0
0
0
0
0
0
0
0
0
0
0
0
0
0
0
0
0
0
0
0
0
0
0
0
0
0
0
0
0
0
0
0
0
0
0
0
0
0
0
0
0
0
0
0
0
0
0
0
0
0
0
0
0
0
0
0
0
0
0
0
0
0
0
0
0
0
0
0
0
0
0
0
0
0
0
0
0
0
0
0
0
0
0
0
0
0
0
0
0
0
0
0
0
0
0
0
0
0
0
0
0
0
0
0
0
0
0
0
0
0
0
0
0
0
0
0
0
0
0
0
0
0
0
0
0
0
0
0
0
0
0
0
0
0
0
0
0
0
0
0
0
0
0
0
0
0
0
0
0
0
0
0
0
0
0
0
0
0
0
0
0
0
0
0
0
0
0
0
0
0
0
0
0
0
0
0
0
0
0
0
0
0
0
0
0
0
0
0
0
0
0
0
0
0
0
0
0
0
0
0
0
0
0
0
0
0
0
0
0
0
0
0
0
0
0
0
0
0
0
0
0
0
0
0
0
0
0
0
0
0
0
0
0
0
0
0
0
0
0
0
0
0
0
0
0
0
0
0
0
0
0
0
0
0
0
0
0
0
0
0
0
0
0
0
0
0
0
0
0
0
0
0
0
0
0
0
0
0
0
0
0
0
0
0
0
0
0
0
0
0
0
0
0
0
0
0
0
0
0
0
0
0
0
0
0
0
0
0
0
0
0
0
0
0
0
0
0
0
0
0
0
0
0
0
0
0
0
0
0
0
0
0
0
0
0
0
0
0
0
0
0
0
0
0
0
0
0
0
0
0
0
0
0
0
0
0
0
0
0
0
0
0
0
0
0
0
0
0
0
0
0
0
0
0
0
0
0
0
0
0
0
0
0
0
0
0
0
0
0
0
0
0
0
0
0
0
0
0
0
0
0
0
0
0
0
0
0
0
0
0
0
0
0
0
0
0
0
0
0
0
0
0
0
0
0
0
0
0
0
0
0
0
0
0
0
0
0
0
0
0
0
0
0
0
0
0
0
0
0
0
0
0
0
0
0
0
0
0
0
0
0
0
0
0
0
0
0
0
0
0
0
0
0
0
0
0
0
0
0
0
0
0
0
0
0
0
0
0
0
0
0
0
0
0
0
0
0
0
0
0
0
0
0
0
0
0
0
0
0
0
0
0
0
0
0
0
0
0
0
0
0
0
0
0
0
0
0
0
0
0
0
0
0
0
0
0
0
0
0
0
0
0
0
0
0
0
0
0
0
0
0
0
0
0
0
0
0
0
0
0
0
0
0
0
0
0
0
0
0
0
0
0
0
0
0
0
0
0
0
0
0
0
0
0
0
0
0
0
0
0
0
0
0
0
0
0
0
0
0
0
0
0
0
0
0
0
0
0
0
0
0
0
0
0
0
0
0
0
0
0
0
0
0
0
0
0
0
0
0
0
0
0
0
0
0
0
0
0
0
0
0
0
0
0
0
0
0
0
0
0
0
0
0
0
0
0
0
0
0
0
0
0
0
0
0
0
0
0
0
0
0
0
0
0
0
0
0
0
0
0
0
0
0
0
0
0
0
0
0
0
0
0
0
0
0
0
0
0
0
0
0
0
0
0
0
0
0
0
0
0
0
0
0
0
0
0
0
0
0
0
0
0
0
0
0
0
0
0
0
0
0
0
0
0
0
0
0
0
0
0
0
0
0
0
0
0
0
0
0
0
0
0
0
0
0
0
0
0
0
0
0
0
0
0
0
0
0
0
0
0
0
0
0
0
0
0
0
0
0
0
0
0
0
0
0
0
0
0
0
0
0
0
0
0
0
0
0
0
0
0
0
0
0
0
0
0
0
0
0
0
0
0
0
0
0
0
0
0
0
0
0
0
0
0
0
0
0
0
0
0
0
0
0
0
0
0
0
0
0
0
0
0
0
0
0
0
0
0
0
0
0
0
0
0
0
0
0
0
0
0
0
0
0
0
0
0
0
0
0
0
0
0
0
0
0
0
0
0
0
0
0
0
0
0
0
0
0
0
0
0
0
0
0
0
0
0
0
0
0
0
0
0
0
0
0
0
0
0
0
0
0
0
0
0
0
0
0
0
0
0
0
0
0
0
0
0
0
0
0
0
0
0
0
0
0
0
0
0
0
0
0
0
0
0
0
0
0
0
0
0
0
0
0
0
0
0
0
0
0
0
0
0
0
0
0
0
0
0
0
0
0
0
0
0
0
0
0
0
0
0
0
0
0
0
0
0
0
0
0
0
0
0
0
0
0
0
0
0
0
0
0
0
0
0
0
0
0
0
0
0
0
0
0
0
0
0
0
0
0
0
0
0
0
0
0
0
0
0
0
0
0
0
0
0
0
0
0
0
0
0
0
0
0
0
0
0
0
0
0
0
0
0
0
0
0
0
0
0
0
0
0
0
0
0
0
0
0
0
0
0
0
0
0
0
0
0
0
0
0
0
0
0
0
0
0
0
0
0
0
0
0
0
0
0
0
0
0
0
0
0
0
0
0
0
0
0
0
0
0
0
0
0
0
0
0
0
0
0
0
0
0
0
0
0
0
0
0
0
0
0
0
0
0
0
0
0
0
0
0
0
0
0
0
0
0
0
0
0
0
0
0
0
0
0
0
0
0
0
0
0
0
0
0
0
0
0
0
0
0
0
0
0
0
0
0
0
0
0
0
0
0
0
0
0
0
0
0
0
0
0
0
0
0
0
0
0
0
0
0
0
0
0
0
0
0
0
0
0
0
0
0
0
0
0
0
0
0
0
0
0
0
0
0
0
0
0
0
0
0
0
0
0
0
0
0
0
0
0
0
0
0
0
0
0
0
0
0
0
0
0
0
0
0
0
0
0
0
0
0
0
0
0
0
0
0
0
0
0
0
0
0
0
0
0
0
0
0
0
0
0
0
0
0
0
0
0
0
0
0
0
0
0
0
0
0
0
0
0
0
0
0
0
0
0
0
0
0
0
0
0
0
0
0
0
0
0
0
0
0
0
0
0
0
0
0
0
0
0
0
0
0
0
0
0
0
0
0
0
0
0
0
0
0
0
0
0
0
0
0
0
0
0
0
0
0
0
0
0
0
0
0
0
0
0
0
0
0
0
0
0
0
0
0
0
0
0
0
0
0
0
0
0
0
0
0
0
0
0
0
0
0
0
0
0
0
0
0
0
0
0
0
0
0
0
0
0
0
0
0
0
0
0
0
0
0
0
0
0
0
0
0
0
0
0
0
0
0
0
0
0
0
0
0
0
0
0
0
0
0
0
0
0
0
0
0
0
0
0
0
0
0
0
0
0
0
0
0
0
0
0
0
0
0
0
0
0
0
0
0
0
0
0
0
0
0
0
0
0
0
0
0
0
0
0
0
0
0
0
0
0
0
0
0
0
0
0
0
0
0
0
0
0
0
0
0
0
0
0
0
0
0
0
0
0
0
0
0
0
0
0
0
0
0
0
0
0
0
0
0
0
0
0
0
0
0
0
0
0
0
0
0
0
0
0
0
0
0
0
0
0
0
0
0
0
0
0
0
0
0
0
0
0
0
0
0
0
0
0
0
0
0
0
0
0
0
0
0
0
0
0
0
0
0
0
0
0
0
0
0
0
0
0
0
0
0
0
0
0
0
0
0
0
0
0
0
0
0
0
0
0
0
0
0
0
0
0
0
0
0
0
0
0
0
0
0
0
0
0
0
0
0
0
0
0
0
0
0
0
0
0
0
0
0
0
0
0
0
0
0
0
0
0
0
0
0
0
0
0
0
0
0
0
0
0
0
0
0
0
0
0
0
0
0
0
0
0
0
0
0
0
0
0
0
0
0
0
0
0
0
0
0
0
0
0
0
0
0
0
0
0
0
0
0
0
0
0
0
0
0
0
0
0
0
0
0
0
0
0
0
0
0
0
0
0
0
0
0
0
0
0
0
0
0
0
0
0
0
0
0
0
0
0
0
0
0
0
0
0
0
0
0
0
0
0
0
0
0
0
0
0
0
0
0
0
0
0
0
0
0
0
0
0
0
0
0
0
0
0
0
0
0
0
0
0
0
0
0
0
0
0
0
0
0
0
0
0
0
0
0
0
0
0
0
0
0
0
0
0
0
0
0
0
0
0
0
0
0
0
0
0
0
0
0
0
0
0
0
0
0
0
0
0
0
0
0
0
0
0
0
0
0
0
0
0
0
0
0
0
0
0
0
0
0
0
0
0
0
0
0
0
0
0
0
0
0
0
0
0
0
0
0
0
0
0
0
0
0
0
0
0
0
0
0
0
0
0
0
0
0
0
0
0
0
0
0
0
0
0
0
0
0
0
0
0
0
0
0
0
0
0
0
0
0
0
0
0
0
0
0
0
0
0
0
0
0
0
0
0
0
0
0
0
0
0
0
0
0
0
0
0
0
0
0
0
0
0
0
0
0
0
0
0
0
0
0
0
0
0
0
0
0
0
0
0
0
0
0
0
0
0
0
0
0
0
0
0
0
0
0
0
0
0
0
0
0
0
0
0
0
0
0
0
0
0
0
0
0
0
0
0
0
0
0
0
0
0
0
0
0
0
0
0
0
0
0
0
0
0
0
0
0
0
0
0
0
0
0
0
0
0
0
0
0
0
0
0
0
0
0
0
0
0
0
0
0
0
0
0
0
0
0
0
0
0
0
0
0
0
0
0
0
0
0
0
0
0
0
0
0
0
0
0
0
0
0
0
0
0
0
0
0
0
0
0
0
0
0
0
0
0
0
0
0
0
0
0
0
0
0
0
0
0
0
0
0
0
0
0
0
0
0
0
0
0
0
0
0
0
0
0
0
0
0
0
0
0
0
0
0
0
0
0
0
0
0
0
0
0
0
0
0
0
0
0
0
0
0
0
0
0
0
0
0
0
0
0
0
0
0
0
0
0
0
0
0
0
0
0
0
0
0
0
0
0
0
0
0
0
0
0
0
0
0
0
0
0
0
0
0
0
0
0
0
0
0
0
0
0
0
0
0
0
0
0
0
0
0
0
0
0
0
0
0
0
0
0
0
0
0
0
0
0
0
0
0
0
0
0
0
0
0
0
0
0
0
0
0
0
0
0
0
0
0
0
0
0
0
0
0
0
0
0
0
0
0
0
0
0
0
0
0
0
0
0
0
0
0
0
0
0
0
0
0
0
0
0
0
0
0
0
0
0
0
0
0
0
0
0
0
0
0
0
0
0
0
0
0
0
0
0
0
0
0
0
0
0
0
0
0
0
0
0
0
0
0
0
0
0
0
0
0
0
0
0
0
0
0
0
0
0
0
0
0
0
0
0
0
0
0
0
0
0
0
0
0
0
0
0
0
0
0
0
0
0
0
0
0
0
0
0
0
0
0
0
0
0
0
0
0
0
0
0
0
0
0
0
0
0
0
0
0
0
0
0
0
0
0
0
0
0
0
0
0
0
0
0
0
0
0
0
0
0
0
0
0
0
0
0
0
0
0
0
0
0
0
0
0
0
0
0
0
0
0
0
0
0
0
0
0
0
0
0
0
0
0
0
0
0
0
0
0
0
0
0
0
0
0
0
0
0
0
0
0
0
0
0
0
0
0
0
0
0
0
0
0
0
0
0
0
0
0
0
0
0
0
0
0
0
0
0
0
0
0
0
0
0
0
0
0
0
0
0
0
0
0
0
0
0
0
0
0
0
0
0
0
0
0
0
0
0
0
0
0
0
0
0
0
0
0
0
0
0
0
0
0
0
0
0
0
0
0
0
0
0
0
0
0
0
0
0
0
0
0
0
0
0
0
0
0
0
0
0
0
0
0
0
0
0
0
0
0
0
0
0
0
0
0
0
0
0
0
0
0
0
0
0
0
0
0
0
0
0
0
0
0
0
0
0
0
0
0
0
0
0
0
0
0
0
0
0
0
0
0
0
0
0
0
0
0
0
0
0
0
0
0
0
0
0
0
0
0
0
0
0
0
0
0
0
0
0
0
0
0
0
0
0
0
0
0
0
0
0
0
0
0
0
0
0
0
0
0
0
0
0
0
0
0
0
0
0
0
0
0
0
0
0
0
0
0
0
0
0
0
0
0
0
0
