-36606.477565050125122
-36613.974043250083923
-36620.081563830375671
-36625.783575057983398
-36631.197314500808716
-36636.383761048316956
-36641.385958433151245
-36646.235548734664917
-36650.951913356781006
-36655.548144578933716
-36660.037323951721191
-36664.430952548980713
-36668.735852837562561
-36672.961311459541321
-36677.113035559654236
-36681.191622972488403
-36685.205289125442505
-36689.156839728355408
-36693.049844145774841
-36696.886184930801392
-36700.668828129768372
-36704.403543829917908
-36708.090276718139648
-36711.73237931728363
-36715.329912185668945
-36718.887117505073547
-36722.405830383300781
-36725.886014342308044
-36729.327845811843872
-36732.732322812080383
-36736.102478861808777
-36739.439222097396851
-36742.740777850151062
-36746.010125517845154
-36749.248621344566345
-36752.456221103668213
-36755.635793328285217
-36758.786068797111511
-36761.906312346458435
-36764.999915957450867
-36768.069030046463013
-36771.112365365028381
-36774.129410982131958
-36777.119849681854248
-36780.090842604637146
-36783.038761854171753
-36785.962010622024536
-36788.86534321308136
-36791.743912220001221
-36794.599524855613708
-36797.434370875358582
-36800.24755585193634
-36803.041410088539124
-36805.819210648536682
-36808.575645446777344
-36811.307589888572693
-36814.02191436290741
-36816.717991352081299
-36819.392950773239136
-36822.049275398254395
-36824.690229654312134
-36827.311344623565674
-36829.912141919136047
-36832.500794887542725
-36835.075552940368652
-36837.632638573646545
-36840.171560645103455
-36842.692366361618042
-36845.198988556861877
-36847.688213467597961
-36850.162178993225098
-36852.619758129119873
-36855.064008951187134
-36857.493939518928528
-36859.908240437507629
-36862.31191885471344
-36864.697851061820984
-36867.06859278678894
-36869.424753665924072
-36871.768390536308289
-36874.097476601600647
-36876.414914846420288
-36878.716336846351624
-36881.003384590148926
-36883.277463436126709
-36885.537357926368713
-36887.785998344421387
-36890.020641565322876
-36892.239786148071289
-36894.449040651321411
-36896.644892573356628
-36898.827987313270569
-36901.003217935562134
-36903.165502548217773
-36905.314925193786621
-36907.452599406242371
-36909.577580094337463
-36911.691348075866699
-36913.793942332267761
-36915.883737444877625
-36917.962382078170776
-36920.03214168548584
-36922.092347979545593
-36924.139315366744995
-36926.174561619758606
-36928.200234174728394
-36930.215185165405273
-36932.222079277038574
-36934.219910740852356
-36936.205645322799683
-36938.177586317062378
-36940.138895273208618
-36942.089560627937317
-36944.03132688999176
-36945.960219860076904
-36947.880706429481506
-36949.792670845985413
-36951.694832563400269
-36953.584179401397705
-36955.463324546813965
-36957.33480179309845
-36959.202293395996094
-36961.057581067085266
-36962.900904417037964
-36964.738104939460754
-36966.562541365623474
-36968.376227855682373
-36970.186150312423706
-36971.987468719482422
-36973.778412938117981
-36975.557104110717773
-36977.329224705696106
-36979.090635776519775
-36980.843392848968506
-36982.589317679405212
-36984.325816631317139
-36986.050723910331726
-36987.767886400222778
-36989.476553082466125
-36991.176707863807678
-36992.866849064826965
-36994.548045516014099
-36996.222104907035828
-36997.889330148696899
-36999.551535487174988
-37001.202689290046692
-37002.848167061805725
-37004.484380125999451
-37006.111203789710999
-37007.728847503662109
-37009.339985013008118
-37010.94103217124939
-37012.538059949874878
-37014.126444458961487
-37015.706364750862122
-37017.276732325553894
-37018.838013291358948
-37020.39581036567688
-37021.947798728942871
-37023.485881447792053
-37025.015186905860901
-37026.540399670600891
-37028.057248592376709
-37029.566459059715271
-37031.069561958312988
-37032.566446423530579
-37034.052913546562195
-37035.532729744911194
-37037.005409717559814
-37038.46695876121521
-37039.922737121582031
-37041.373302221298218
-37042.821298599243164
-37044.256206154823303
-37045.683086514472961
-37047.106662631034851
-37048.523102402687073
-37049.932215809822083
-37051.334241390228271
-37052.728537559509277
-37054.115326642990112
-37055.494979858398438
-37056.86944580078125
-37058.23694372177124
-37059.594935655593872
-37060.948500752449036
-37062.294490456581116
-37063.633121132850647
-37064.970553278923035
-37066.299592137336731
-37067.620276570320129
-37068.928246378898621
-37070.230198502540588
-37071.528663277626038
-37072.819145560264587
-37074.107137322425842
-37075.385830998420715
-37076.657779932022095
-37077.921396851539612
-37079.180269718170166
-37080.434772253036499
-37081.682514786720276
-37082.928329467773438
-37084.165395259857178
-37085.395080208778381
-37086.618020057678223
-37087.836104273796082
-37089.04957640171051
-37090.258084177970886
-37091.460527896881104
-37092.648921728134155
-37093.831496238708496
-37095.008373856544495
-37096.179929733276367
-37097.343721866607666
-37098.498490571975708
-37099.649178743362427
-37100.79586923122406
-37101.938641428947449
-37103.073107361793518
-37104.205904483795166
-37105.330265879631042
-37106.449007153511047
-37107.559362053871155
-37108.662045001983643
-37109.762157320976257
-37110.855792284011841
-37111.94620144367218
-37113.028855443000793
-37114.104439258575439
-37115.173063635826111
-37116.233391880989075
-37117.286623001098633
-37118.338915705680847
-37119.385880947113037
-37120.429774165153503
-37121.468788146972656
-37122.501756429672241
-37123.525187492370605
-37124.541925191879272
-37125.551092505455017
-37126.557818531990051
-37127.560502529144287
-37128.557058691978455
-37129.550796508789062
-37130.535844683647156
-37131.512520313262939
-37132.488380312919617
-37133.454741239547729
-37134.418319940567017
-37135.375498414039612
-37136.324216842651367
-37137.272224307060242
-37138.211643695831299
-37139.148654222488403
-37140.079760670661926
-37141.00019907951355
-37141.921021103858948
-37142.836018443107605
-37143.743269681930542
-37144.643229842185974
-37145.538114309310913
-37146.431135654449463
-37147.320352673530579
-37148.202258825302124
-37149.081215143203735
-37149.949202299118042
-37150.810898780822754
-37151.669773817062378
-37152.528366923332214
-37153.381779789924622
-37154.225547075271606
-37155.064387083053589
-37155.8960782289505
-37156.726633667945862
-37157.550851345062256
-37158.369871735572815
-37159.181708812713623
-37159.987884283065796
-37160.790197730064392
-37161.588449835777283
-37162.382454514503479
-37163.174363493919373
-37163.954454064369202
-37164.727658748626709
-37165.499015808105469
-37166.265421986579895
-37167.026280045509338
-37167.785296678543091
-37168.537615537643433
-37169.280319809913635
-37170.017454266548157
-37170.755292296409607
-37171.483885765075684
-37172.208691954612732
-37172.926920652389526
-37173.642821788787842
-37174.354662418365479
-37175.059485793113708
-37175.759741544723511
-37176.4529949426651
-37177.143199920654297
-37177.827561616897583
-37178.50638747215271
-37179.181886196136475
-37179.852863907814026
-37180.51257312297821
-37181.168805837631226
-37181.823659181594849
-37182.471135377883911
-37183.114542007446289
-37183.756939291954041
-37184.39277708530426
-37185.021159172058105
-37185.642807483673096
-37186.264642238616943
-37186.878341317176819
-37187.484106302261353
-37188.089303493499756
-37188.691344141960144
-37189.286987066268921
-37189.881135106086731
-37190.471253752708435
-37191.053128361701965
-37191.628968477249146
-37192.198347568511963
-37192.767563700675964
-37193.334145784378052
-37193.894106507301331
-37194.444900274276733
-37194.991863489151001
-37195.538219928741455
-37196.078407526016235
-37196.60985279083252
-37197.141040444374084
-37197.668934941291809
-37198.189791440963745
-37198.70385205745697
-37199.215869784355164
-37199.725462913513184
-37200.226290702819824
-37200.722841262817383
-37201.213335514068604
-37201.695218324661255
-37202.173322796821594
-37202.648128151893616
-37203.125409603118896
-37203.592609047889709
-37204.055709600448608
-37204.514756679534912
-37204.968830704689026
-37205.417352199554443
-37205.86349093914032
-37206.306215405464172
-37206.742001891136169
-37207.169005036354065
-37207.593685150146484
-37208.016135215759277
-37208.42842710018158
-37208.839851140975952
-37209.244208216667175
-37209.64659595489502
-37210.047312617301941
-37210.440925240516663
-37210.831061124801636
-37211.214918851852417
-37211.595808506011963
-37211.972156763076782
-37212.34265410900116
-37212.713711857795715
-37213.074676513671875
-37213.431549787521362
-37213.786020874977112
-37214.134417533874512
-37214.478633165359497
-37214.818909049034119
-37215.149379253387451
-37215.475479602813721
-37215.799419164657593
-37216.123494386672974
-37216.441733837127686
-37216.750924587249756
-37217.055593609809875
-37217.356982827186584
-37217.65477466583252
-37217.947963953018188
-37218.236115574836731
-37218.520804762840271
-37218.798208475112915
-37219.070546746253967
-37219.3398357629776
-37219.604488968849182
-37219.869115114212036
-37220.127237915992737
-37220.379734992980957
-37220.623379111289978
-37220.864911675453186
-37221.103530168533325
-37221.333838939666748
-37221.567517638206482
-37221.797311663627625
-37222.020812034606934
-37222.242922186851501
-37222.456481218338013
-37222.663483142852783
-37222.868206381797791
-37223.067322611808777
-37223.265730977058411
-37223.453908324241638
-37223.638238787651062
-37223.818311214447021
-37223.99422287940979
-37224.165192365646362
-37224.332619667053223
-37224.492241621017456
-37224.649746417999268
-37224.80312192440033
-37224.953343749046326
-37225.101925611495972
-37225.243234515190125
-37225.381133079528809
-37225.508645057678223
-37225.636452913284302
-37225.757225871086121
-37225.87139093875885
-37225.986567616462708
-37226.095599174499512
-37226.204982280731201
-37226.311378359794617
-37226.406376004219055
-37226.495463848114014
-37226.58135986328125
-37226.664777874946594
-37226.742083311080933
-37226.815875649452209
-37226.889303207397461
-37226.956546068191528
-37227.012951374053955
-37227.068121552467346
-37227.116700172424316
-37227.162456274032593
-37227.206243395805359
-37227.245805978775024
-37227.283557415008545
-37227.313055396080017
-37227.34115993976593
-37227.368276476860046
-37227.386330962181091
-37227.394938707351685
-37227.403932809829712
-37227.405247092247009
-37227.407101392745972
-37227.403771042823792
-37227.394075870513916
-37227.379366755485535
-37227.36052131652832
-37227.336601495742798
-37227.307731747627258
-37227.268954038619995
-37227.226181387901306
-37227.179494738578796
-37227.128673672676086
-37227.078844904899597
-37227.0212721824646
-37226.965054392814636
-37226.899626493453979
-37226.829192996025085
-37226.755368947982788
-37226.676884174346924
-37226.595299959182739
-37226.508984804153442
-37226.418633341789246
-37226.325562715530396
-37226.224161863327026
-37226.115967392921448
-37226.00682532787323
-37225.895158052444458
-37225.778842449188232
-37225.653966546058655
-37225.524123668670654
-37225.39398717880249
-37225.258370637893677
-37225.119506239891052
-37224.975767493247986
-37224.827598214149475
-37224.668565988540649
-37224.514869570732117
-37224.35517692565918
-37224.187018513679504
-37224.017664313316345
-37223.839868426322937
-37223.664602398872375
-37223.480764508247375
-37223.287922859191895
-37223.088958740234375
-37222.889816522598267
-37222.685905933380127
-37222.481210112571716
-37222.269840478897095
-37222.055248260498047
-37221.834478974342346
-37221.610285639762878
-37221.379652857780457
-37221.143721461296082
-37220.908521771430969
-37220.666802167892456
-37220.422017335891724
-37220.171343207359314
-37219.915038108825684
-37219.655027270317078
-37219.390719413757324
-37219.117076396942139
-37218.83884334564209
-37218.562048077583313
-37218.275502443313599
-37217.982568860054016
-37217.691922903060913
-37217.3973788022995
-37217.08951210975647
-37216.782872676849365
-37216.475326061248779
-37216.160586953163147
-37215.841277480125427
-37215.520349502563477
-37215.194093465805054
-37214.859078645706177
-37214.518583059310913
-37214.177566766738892
-37213.832395434379578
-37213.47792387008667
-37213.127902865409851
-37212.764260172843933
-37212.396815299987793
-37212.029475808143616
-37211.65628457069397
-37211.277056217193604
-37210.88856565952301
-37210.497987389564514
-37210.105280160903931
-37209.702196717262268
-37209.301971673965454
-37208.896091818809509
-37208.483866453170776
-37208.067995548248291
-37207.647343158721924
-37207.223444819450378
-37206.796688079833984
-37206.362545967102051
-37205.919291138648987
-37205.478513479232788
-37205.030799984931946
-37204.580564618110657
-37204.128247380256653
-37203.658393383026123
-37203.181094527244568
-37202.707381248474121
-37202.231946587562561
-37201.744978189468384
-37201.252745032310486
-37200.76080846786499
-37200.266473174095154
-37199.758092045783997
-37199.251471638679504
-37198.740131139755249
-37198.226623773574829
-37197.704616665840149
-37197.184202790260315
-37196.653156280517578
-37196.111828684806824
-37195.573221325874329
-37195.025426983833313
-37194.483918190002441
-37193.928407549858093
-37193.368108630180359
-37192.80827260017395
-37192.242097735404968
-37191.673148632049561
-37191.093587040901184
-37190.51377260684967
-37189.932695984840393
-37189.335396766662598
-37188.737793207168579
-37188.13904881477356
-37187.532921314239502
-37186.91997218132019
-37186.304081797599792
-37185.688071131706238
-37185.062114953994751
-37184.423118233680725
-37183.790042519569397
-37183.146213054656982
-37182.499767184257507
-37181.853088736534119
-37181.19989001750946
-37180.54220986366272
-37179.87529718875885
-37179.200405716896057
-37178.528932690620422
-37177.839342832565308
-37177.157687783241272
-37176.468449592590332
-37175.77865731716156
-37175.076391935348511
-37174.379668951034546
-37173.668774127960205
-37172.946615934371948
-37172.227911233901978
-37171.502170920372009
-37170.778340935707092
-37170.041476488113403
-37169.303041100502014
-37168.553562164306641
-37167.808876395225525
-37167.053483724594116
-37166.292047500610352
-37165.521872043609619
-37164.752894043922424
-37163.977376461029053
-37163.188615798950195
-37162.401130795478821
-37161.608300805091858
-37160.818882465362549
-37160.019337296485901
-37159.205546617507935
-37158.393792390823364
-37157.572712063789368
-37156.755950689315796
-37155.930868983268738
-37155.095643401145935
-37154.260136604309082
-37153.422856569290161
-37152.574939846992493
-37151.720650434494019
-37150.856712102890015
-37149.991276264190674
-37149.122140407562256
-37148.245958209037781
-37147.373756647109985
-37146.495327234268188
-37145.606752395629883
-37144.715890645980835
-37143.815478920936584
-37142.903670310974121
-37141.984569311141968
-37141.067459583282471
-37140.157317638397217
-37139.226028323173523
-37138.294304728507996
-37137.355852127075195
-37136.405350685119629
-37135.448021292686462
-37134.490134954452515
-37133.531520009040833
-37132.561710000038147
-37131.589459538459778
-37130.609480619430542
-37129.621256232261658
-37128.626992702484131
-37127.630967974662781
-37126.626528382301331
-37125.625118851661682
-37124.611122012138367
-37123.589768528938293
-37122.56381356716156
-37121.539035081863403
-37120.502554655075073
-37119.458241820335388
-37118.411476254463196
-37117.352841138839722
-37116.292646169662476
-37115.22083055973053
-37114.151023983955383
-37113.079818367958069
-37111.995527744293213
-37110.902424454689026
-37109.800323247909546
-37108.695266604423523
-37107.596583962440491
-37106.484388113021851
-37105.370449900627136
-37104.245214700698853
-37103.122102737426758
-37101.984252095222473
-37100.844962120056152
-37099.695521831512451
-37098.539366126060486
-37097.37785804271698
-37096.211152315139771
-37095.043605089187622
-37093.865023255348206
-37092.674468517303467
-37091.489092707633972
-37090.293304562568665
-37089.080017447471619
-37087.867661476135254
-37086.654929995536804
-37085.439351916313171
-37084.20868444442749
-37082.975833177566528
-37081.743023276329041
-37080.498684167861938
-37079.246159672737122
-37077.985161185264587
-37076.719269037246704
-37075.445931434631348
-37074.173710823059082
-37072.898342251777649
-37071.60217547416687
-37070.303687930107117
-37068.998512268066406
-37067.688435792922974
-37066.365486741065979
-37065.042375087738037
-37063.69734525680542
-37062.366517186164856
-37061.018424153327942
-37059.657546877861023
-37058.310683846473694
-37056.947649598121643
-37055.57311737537384
-37054.188422083854675
-37052.806951642036438
-37051.411837577819824
-37050.014338970184326
-37048.599147439002991
-37047.186318039894104
-37045.766024231910706
-37044.32879376411438
-37042.891026973724365
-37041.446645855903625
-37040.003536581993103
-37038.549628734588623
-37037.087965607643127
-37035.612181782722473
-37034.139219880104065
-37032.647586345672607
-37031.154096961021423
-37029.649174571037292
-37028.136947274208069
-37026.618750333786011
-37025.099218487739563
-37023.574540615081787
-37022.030925512313843
-37020.479191899299622
-37018.923110842704773
-37017.351348757743835
-37015.786016464233398
-37014.211087107658386
-37012.625036478042603
-37011.027275443077087
-37009.426182985305786
-37007.805613040924072
-37006.185001492500305
-37004.56331205368042
-37002.923032999038696
-37001.26757824420929
-36999.612138628959656
-36997.946728706359863
-36996.285284757614136
-36994.606017470359802
-36992.926610708236694
-36991.234727621078491
-36989.537126898765564
-36987.829553127288818
-36986.113511085510254
-36984.385105609893799
-36982.648922801017761
-36980.90390944480896
-36979.141309380531311
-36977.37815272808075
-36975.608555674552917
-36973.830019116401672
-36972.042667269706726
-36970.242220282554626
-36968.436271071434021
-36966.629533648490906
-36964.809682607650757
-36962.968216776847839
-36961.130370497703552
-36959.276663899421692
-36957.422407746315002
-36955.549114346504211
-36953.6799396276474
-36951.782612323760986
-36949.886781930923462
-36947.962283730506897
-36946.049626708030701
-36944.117749691009521
-36942.167072176933289
-36940.205315113067627
-36938.240107178688049
-36936.268812417984009
-36934.284189581871033
-36932.281887054443359
-36930.283841967582703
-36928.272468566894531
-36926.246824979782104
-36924.203540444374084
-36922.148087620735168
-36920.095608472824097
-36918.013254284858704
-36915.925456285476685
-36913.835689544677734
-36911.725736021995544
-36909.609843373298645
-36907.476702928543091
-36905.337318301200867
-36903.188845753669739
-36901.020370006561279
-36898.844037652015686
-36896.655510544776917
-36894.45808207988739
-36892.259120225906372
-36890.045312523841858
-36887.796152114868164
-36885.550256848335266
-36883.297739624977112
-36881.015984892845154
-36878.737037539482117
-36876.431366562843323
-36874.11610472202301
-36871.778366088867188
-36869.448892712593079
-36867.092623949050903
-36864.729329943656921
-36862.34473443031311
-36859.938514471054077
-36857.526676774024963
-36855.092767596244812
-36852.669028043746948
-36850.216478943824768
-36847.749145746231079
-36845.270115375518799
-36842.77034068107605
-36840.228388071060181
-36837.682107329368591
-36835.123149514198303
-36832.550329923629761
-36829.969418287277222
-36827.376387715339661
-36824.764414548873901
-36822.129093289375305
-36819.455819725990295
-36816.774715065956116
-36814.081881046295166
-36811.362993240356445
-36808.639724969863892
-36805.885894179344177
-36803.112130761146545
-36800.303110957145691
-36797.508946776390076
-36794.662484765052795
-36791.809288144111633
-36788.935587882995605
-36786.043124198913574
-36783.123136281967163
-36780.178951740264893
-36777.193709373474121
-36774.193524241447449
-36771.165026664733887
-36768.1386479139328
-36765.058905839920044
-36761.96603786945343
-36758.857215166091919
-36755.718791842460632
-36752.531595230102539
-36749.312287330627441
-36746.072303771972656
-36742.803747773170471
-36739.489529609680176
-36736.160740494728088
-36732.80132007598877
-36729.426658868789673
-36725.967272758483887
-36722.496668219566345
-36718.974764108657837
-36715.422854781150818
-36711.828717708587646
-36708.176892280578613
-36704.493994832038879
-36700.769067049026489
-36696.992339372634888
-36693.152686715126038
-36689.294422745704651
-36685.358710050582886
-36681.330391645431519
-36677.231347918510437
-36673.097665667533875
-36668.864872574806213
-36664.559515714645386
-36660.18196439743042
-36655.733969926834106
-36651.107261896133423
-36646.471382617950439
-36641.622941374778748
-36636.612128973007202
-36631.447170257568359
-36626.030003070831299
-36620.311110377311707
-36614.16190230846405
-36607.384454965591431
