28250.8
28258.4
28264.6
28270.4
28276
28281.3
28286.4
28291.4
28296.3
28301
28305.6
28310.1
28314.6
28318.9
28323.2
28327.4
28331.5
28335.6
28339.7
28343.6
28347.5
28351.4
28355.2
28359
28362.7
28366.4
28370.1
28373.7
28377.3
28380.8
28384.3
28387.8
28391.2
28394.6
28398
28401.3
28404.6
28407.9
28411.2
28414.4
28417.6
28420.8
28423.9
28427.1
28430.2
28433.2
28436.3
28439.3
28442.4
28445.4
28448.3
28451.3
28454.2
28457.1
28460
28462.9
28465.7
28468.5
28471.4
28474.2
28476.9
28479.7
28482.4
28485.2
28487.9
28490.6
28493.2
28495.9
28498.5
28501.2
28503.8
28506.4
28509
28511.5
28514.1
28516.6
28519.2
28521.7
28524.2
28526.6
28529.1
28531.6
28534
28536.4
28538.9
28541.3
28543.6
28546
28548.4
28550.7
28553.1
28555.4
28557.7
28560
28562.3
28564.6
28566.9
28569.1
28571.4
28573.6
28575.8
28578.1
28580.3
28582.4
28584.6
28586.8
28589
28591.1
28593.3
28595.4
28597.5
28599.6
28601.7
28603.8
28605.9
28607.9
28610
28612
28614.1
28616.1
28618.1
28620.1
28622.1
28624.1
28626.1
28628.1
28630.1
28632
28634
28635.9
28637.8
28639.8
28641.7
28643.6
28645.5
28647.4
28649.2
28651.1
28653
28654.8
28656.6
28658.5
28660.3
28662.1
28663.9
28665.7
28667.5
28669.3
28671.1
28672.9
28674.6
28676.4
28678.1
28679.9
28681.6
28683.3
28685.1
28686.8
28688.5
28690.2
28691.8
28693.5
28695.2
28696.9
28698.5
28700.2
28701.8
28703.5
28705.1
28706.7
28708.3
28709.9
28711.5
28713.1
28714.7
28716.3
28717.9
28719.4
28721
28722.5
28724.1
28725.6
28727.2
28728.7
28730.2
28731.7
28733.2
28734.7
28736.2
28737.7
28739.2
28740.7
28742.1
28743.6
28745
28746.5
28747.9
28749.4
28750.8
28752.2
28753.6
28755.1
28756.5
28757.9
28759.2
28760.6
28762
28763.4
28764.8
28766.1
28767.5
28768.8
28770.2
28771.5
28772.8
28774.2
28775.5
28776.8
28778.1
28779.4
28780.7
28782
28783.3
28784.6
28785.8
28787.1
28788.4
28789.6
28790.9
28792.1
28793.4
28794.6
28795.8
28797.1
28798.3
28799.5
28800.7
28801.9
28803.1
28804.3
28805.5
28806.6
28807.8
28809
28810.1
28811.3
28812.5
28813.6
28814.8
28815.9
28817
28818.2
28819.3
28820.4
28821.5
28822.6
28823.7
28824.8
28825.9
28827
28828.1
28829.1
28830.2
28831.3
28832.3
28833.4
28834.4
28835.5
28836.5
28837.5
28838.6
28839.6
28840.6
28841.6
28842.6
28843.6
28844.6
28845.6
28846.6
28847.6
28848.6
28849.5
28850.5
28851.5
28852.4
28853.4
28854.3
28855.3
28856.2
28857.2
28858.1
28859
28859.9
28860.8
28861.8
28862.7
28863.6
28864.4
28865.3
28866.2
28867.1
28868
28868.9
28869.7
28870.6
28871.4
28872.3
28873.1
28874
28874.8
28875.7
28876.5
28877.3
28878.1
28879
28879.8
28880.6
28881.4
28882.2
28883
28883.8
28884.6
28885.3
28886.1
28886.9
28887.7
28888.4
28889.2
28889.9
28890.7
28891.4
28892.2
28892.9
28893.6
28894.4
28895.1
28895.8
28896.5
28897.2
28897.9
28898.6
28899.3
28900
28900.7
28901.4
28902.1
28902.8
28903.4
28904.1
28904.8
28905.4
28906.1
28906.7
28907.4
28908
28908.6
28909.3
28909.9
28910.5
28911.1
28911.7
28912.4
28913
28913.6
28914.2
28914.7
28915.3
28915.9
28916.5
28917.1
28917.7
28918.2
28918.8
28919.3
28919.9
28920.4
28921
28921.5
28922.1
28922.6
28923.1
28923.7
28924.2
28924.7
28925.2
28925.7
28926.2
28926.7
28927.2
28927.7
28928.2
28928.7
28929.2
28929.6
28930.1
28930.6
28931.1
28931.5
28932
28932.4
28932.9
28933.3
28933.7
28934.2
28934.6
28935
28935.5
28935.9
28936.3
28936.7
28937.1
28937.5
28937.9
28938.3
28938.7
28939.1
28939.4
28939.8
28940.2
28940.6
28940.9
28941.3
28941.6
28942
28942.3
28942.7
28943
28943.4
28943.7
28944
28944.4
28944.7
28945
28945.3
28945.6
28945.9
28946.2
28946.5
28946.8
28947.1
28947.3
28947.6
28947.9
28948.2
28948.4
28948.7
28949
28949.2
28949.5
28949.7
28950
28950.2
28950.5
28950.7
28950.9
28951.1
28951.3
28951.6
28951.8
28952
28952.2
28952.4
28952.6
28952.8
28953
28953.2
28953.4
28953.5
28953.7
28953.9
28954
28954.2
28954.4
28954.5
28954.7
28954.8
28954.9
28955.1
28955.2
28955.3
28955.5
28955.6
28955.7
28955.8
28955.9
28956
28956.2
28956.3
28956.4
28956.4
28956.5
28956.6
28956.7
28956.8
28956.8
28956.9
28957
28957
28957.1
28957.2
28957.2
28957.2
28957.3
28957.3
28957.4
28957.4
28957.4
28957.4
28957.5
28957.5
28957.5
28957.5
28957.5
28957.5
28957.5
28957.5
28957.5
28957.4
28957.4
28957.4
28957.4
28957.3
28957.3
28957.2
28957.2
28957.1
28957.1
28957
28957
28956.9
28956.8
28956.8
28956.7
28956.6
28956.5
28956.4
28956.3
28956.2
28956.1
28956
28955.9
28955.8
28955.7
28955.6
28955.5
28955.3
28955.2
28955
28954.9
28954.8
28954.6
28954.5
28954.3
28954.1
28954
28953.8
28953.6
28953.5
28953.3
28953.1
28952.9
28952.7
28952.5
28952.3
28952.1
28951.9
28951.7
28951.5
28951.3
28951
28950.8
28950.6
28950.4
28950.1
28949.9
28949.6
28949.4
28949.1
28948.9
28948.6
28948.3
28948.1
28947.8
28947.5
28947.3
28947
28946.7
28946.4
28946.1
28945.8
28945.5
28945.2
28944.9
28944.5
28944.2
28943.9
28943.6
28943.2
28942.9
28942.6
28942.2
28941.9
28941.5
28941.2
28940.8
28940.4
28940.1
28939.7
28939.3
28938.9
28938.5
28938.1
28937.8
28937.4
28936.9
28936.5
28936.1
28935.7
28935.3
28934.9
28934.5
28934
28933.6
28933.2
28932.7
28932.3
28931.8
28931.4
28930.9
28930.5
28930
28929.5
28929.1
28928.6
28928.1
28927.6
28927.1
28926.6
28926.1
28925.6
28925.1
28924.6
28924.1
28923.5
28923
28922.5
28922
28921.4
28920.9
28920.3
28919.8
28919.2
28918.7
28918.1
28917.5
28917
28916.4
28915.8
28915.2
28914.6
28914
28913.4
28912.8
28912.2
28911.6
28911
28910.4
28909.8
28909.1
28908.5
28907.9
28907.2
28906.6
28905.9
28905.3
28904.6
28904
28903.3
28902.6
28901.9
28901.3
28900.6
28899.9
28899.2
28898.5
28897.8
28897.1
28896.4
28895.7
28895
28894.2
28893.5
28892.8
28892
28891.3
28890.6
28889.8
28889.1
28888.3
28887.5
28886.8
28886
28885.2
28884.4
28883.7
28882.9
28882.1
28881.3
28880.5
28879.7
28878.8
28878
28877.2
28876.4
28875.6
28874.7
28873.9
28873
28872.2
28871.3
28870.4
28869.6
28868.7
28867.8
28867
28866.1
28865.2
28864.3
28863.4
28862.5
28861.6
28860.7
28859.8
28858.8
28857.9
28857
28856
28855.1
28854.2
28853.2
28852.3
28851.3
28850.3
28849.4
28848.4
28847.4
28846.4
28845.5
28844.5
28843.5
28842.4
28841.4
28840.4
28839.4
28838.4
28837.4
28836.3
28835.3
28834.3
28833.2
28832.2
28831.1
28830
28829
28827.9
28826.8
28825.7
28824.7
28823.6
28822.5
28821.4
28820.2
28819.1
28818
28816.9
28815.7
28814.6
28813.5
28812.3
28811.2
28810
28808.8
28807.7
28806.5
28805.3
28804.1
28802.9
28801.7
28800.5
28799.3
28798.1
28796.9
28795.7
28794.4
28793.2
28792
28790.7
28789.5
28788.2
28787
28785.7
28784.4
28783.1
28781.8
28780.5
28779.2
28777.9
28776.6
28775.3
28774
28772.7
28771.3
28770
28768.7
28767.3
28765.9
28764.6
28763.2
28761.8
28760.4
28759.1
28757.7
28756.3
28754.9
28753.5
28752
28750.6
28749.2
28747.7
28746.3
28744.8
28743.4
28741.9
28740.4
28739
28737.5
28736
28734.5
28733
28731.5
28730
28728.4
28726.9
28725.4
28723.8
28722.3
28720.7
28719.2
28717.6
28716
28714.5
28712.9
28711.3
28709.7
28708.1
28706.4
28704.8
28703.2
28701.6
28699.9
28698.3
28696.6
28694.9
28693.3
28691.6
28689.9
28688.2
28686.5
28684.8
28683.1
28681.3
28679.6
28677.9
28676.1
28674.4
28672.6
28670.8
28669.1
28667.3
28665.5
28663.7
28661.9
28660.1
28658.2
28656.4
28654.5
28652.7
28650.8
28649
28647.1
28645.2
28643.3
28641.4
28639.5
28637.6
28635.7
28633.7
28631.8
28629.8
28627.8
28625.9
28623.9
28621.9
28619.9
28617.9
28615.8
28613.8
28611.8
28609.7
28607.7
28605.6
28603.5
28601.4
28599.3
28597.2
28595.1
28592.9
28590.8
28588.7
28586.5
28584.3
28582.1
28579.9
28577.7
28575.5
28573.3
28571
28568.8
28566.5
28564.3
28562
28559.7
28557.4
28555.1
28552.7
28550.4
28548
28545.7
28543.3
28540.9
28538.5
28536.1
28533.7
28531.2
28528.7
28526.3
28523.8
28521.3
28518.8
28516.3
28513.8
28511.2
28508.6
28506.1
28503.5
28500.9
28498.2
28495.6
28492.9
28490.2
28487.5
28484.8
28482.1
28479.4
28476.6
28473.9
28471.1
28468.2
28465.4
28462.5
28459.7
28456.8
28453.9
28451
28448
28445
28442
28439
28436
28432.9
28429.8
28426.7
28423.6
28420.5
28417.3
28414.1
28410.8
28407.6
28404.3
28401
28397.6
28394.2
28390.8
28387.4
28383.9
28380.4
28376.8
28373.3
28369.7
28366
28362.3
28358.6
28354.8
28351.1
28347.2
28343.3
28339.3
28335.3
28331.2
28327.1
28322.8
28318.5
28314.2
28309.8
28305.3
28300.6
28295.9
28291
28286.1
28280.9
28275.6
28270.1
28264.3
28258
28251.1
