0
-7.6
-13.8
-19.6
-25.2
-30.5
-35.6
-40.6
-45.5
-50.2
-54.8
-59.3
-63.8
-68.1
-72.4
-76.6
-80.7
-84.8
-88.9
-92.8
-96.7
-100.6
-104.4
-108.2
-111.9
-115.6
-119.3
-122.9
-126.5
-130
-133.5
-137
-140.4
-143.8
-147.2
-150.5
-153.8
-157.1
-160.4
-163.6
-166.8
-170
-173.1
-176.3
-179.4
-182.4
-185.5
-188.5
-191.6
-194.6
-197.5
-200.5
-203.4
-206.3
-209.2
-212.1
-214.9
-217.7
-220.6
-223.4
-226.1
-228.9
-231.6
-234.4
-237.1
-239.8
-242.4
-245.1
-247.7
-250.4
-253
-255.6
-258.2
-260.7
-263.3
-265.8
-268.4
-270.9
-273.4
-275.8
-278.3
-280.8
-283.2
-285.6
-288.1
-290.5
-292.8
-295.2
-297.6
-299.9
-302.3
-304.6
-306.9
-309.2
-311.5
-313.8
-316.1
-318.3
-320.6
-322.8
-325
-327.3
-329.5
-331.6
-333.8
-336
-338.2
-340.3
-342.5
-344.6
-346.7
-348.8
-350.9
-353
-355.1
-357.1
-359.2
-361.2
-363.3
-365.3
-367.3
-369.3
-371.3
-373.3
-375.3
-377.3
-379.3
-381.2
-383.2
-385.1
-387
-389
-390.9
-392.8
-394.7
-396.6
-398.4
-400.3
-402.2
-404
-405.8
-407.7
-409.5
-411.3
-413.1
-414.9
-416.7
-418.5
-420.3
-422.1
-423.8
-425.6
-427.3
-429.1
-430.8
-432.5
-434.3
-436
-437.7
-439.4
-441
-442.7
-444.4
-446.1
-447.7
-449.4
-451
-452.7
-454.3
-455.9
-457.5
-459.1
-460.7
-462.3
-463.9
-465.5
-467.1
-468.6
-470.2
-471.7
-473.3
-474.8
-476.4
-477.9
-479.4
-480.9
-482.4
-483.9
-485.4
-486.9
-488.4
-489.9
-491.3
-492.8
-494.2
-495.7
-497.1
-498.6
-500
-501.4
-502.8
-504.3
-505.7
-507.1
-508.4
-509.8
-511.2
-512.6
-514
-515.3
-516.7
-518
-519.4
-520.7
-522
-523.4
-524.7
-526
-527.3
-528.6
-529.9
-531.2
-532.5
-533.8
-535
-536.3
-537.6
-538.8
-540.1
-541.3
-542.6
-543.8
-545
-546.3
-547.5
-548.7
-549.9
-551.1
-552.3
-553.5
-554.7
-555.8
-557
-558.2
-559.3
-560.5
-561.7
-562.8
-564
-565.1
-566.2
-567.4
-568.5
-569.6
-570.7
-571.8
-572.9
-574
-575.1
-576.2
-577.3
-578.3
-579.4
-580.5
-581.5
-582.6
-583.6
-584.7
-585.7
-586.7
-587.8
-588.8
-589.8
-590.8
-591.8
-592.8
-593.8
-594.8
-595.8
-596.8
-597.8
-598.7
-599.7
-600.7
-601.6
-602.6
-603.5
-604.5
-605.4
-606.4
-607.3
-608.2
-609.1
-610
-611
-611.9
-612.8
-613.6
-614.5
-615.4
-616.3
-617.2
-618.1
-618.9
-619.8
-620.6
-621.5
-622.3
-623.2
-624
-624.9
-625.7
-626.5
-627.3
-628.2
-629
-629.8
-630.6
-631.4
-632.2
-633
-633.8
-634.5
-635.3
-636.1
-636.9
-637.6
-638.4
-639.1
-639.9
-640.6
-641.4
-642.1
-642.8
-643.6
-644.3
-645
-645.7
-646.4
-647.1
-647.8
-648.5
-649.2
-649.9
-650.6
-651.3
-652
-652.6
-653.3
-654
-654.6
-655.3
-655.9
-656.6
-657.2
-657.8
-658.5
-659.1
-659.7
-660.3
-660.9
-661.6
-662.2
-662.8
-663.4
-663.9
-664.5
-665.1
-665.7
-666.3
-666.9
-667.4
-668
-668.5
-669.1
-669.6
-670.2
-670.7
-671.3
-671.8
-672.3
-672.9
-673.4
-673.9
-674.4
-674.9
-675.4
-675.9
-676.4
-676.9
-677.4
-677.9
-678.4
-678.8
-679.3
-679.8
-680.3
-680.7
-681.2
-681.6
-682.1
-682.5
-682.9
-683.4
-683.8
-684.2
-684.7
-685.1
-685.5
-685.9
-686.3
-686.7
-687.1
-687.5
-687.9
-688.3
-688.6
-689
-689.4
-689.8
-690.1
-690.5
-690.8
-691.2
-691.5
-691.9
-692.2
-692.6
-692.9
-693.2
-693.6
-693.9
-694.2
-694.5
-694.8
-695.1
-695.4
-695.7
-696
-696.3
-696.5
-696.8
-697.1
-697.4
-697.6
-697.9
-698.2
-698.4
-698.7
-698.9
-699.2
-699.4
-699.7
-699.9
-700.1
-700.3
-700.5
-700.8
-701
-701.2
-701.4
-701.6
-701.8
-702
-702.2
-702.4
-702.6
-702.7
-702.9
-703.1
-703.2
-703.4
-703.6
-703.7
-703.9
-704
-704.1
-704.3
-704.4
-704.5
-704.7
-704.8
-704.9
-705
-705.1
-705.2
-705.4
-705.5
-705.6
-705.6
-705.7
-705.8
-705.9
-706
-706
-706.1
-706.2
-706.2
-706.3
-706.4
-706.4
-706.4
-706.5
-706.5
-706.6
-706.6
-706.6
-706.6
-706.7
-706.7
-706.7
-706.7
-706.7
-706.7
-706.7
-706.7
-706.7
-706.6
-706.6
-706.6
-706.6
-706.5
-706.5
-706.4
-706.4
-706.3
-706.3
-706.2
-706.2
-706.1
-706
-706
-705.9
-705.8
-705.7
-705.6
-705.5
-705.4
-705.3
-705.2
-705.1
-705
-704.9
-704.8
-704.7
-704.5
-704.4
-704.2
-704.1
-704
-703.8
-703.7
-703.5
-703.3
-703.2
-703
-702.8
-702.7
-702.5
-702.3
-702.1
-701.9
-701.7
-701.5
-701.3
-701.1
-700.9
-700.7
-700.5
-700.2
-700
-699.8
-699.6
-699.3
-699.1
-698.8
-698.6
-698.3
-698.1
-697.8
-697.5
-697.3
-697
-696.7
-696.5
-696.2
-695.9
-695.6
-695.3
-695
-694.7
-694.4
-694.1
-693.7
-693.4
-693.1
-692.8
-692.4
-692.1
-691.8
-691.4
-691.1
-690.7
-690.4
-690
-689.6
-689.3
-688.9
-688.5
-688.1
-687.7
-687.3
-687
-686.6
-686.1
-685.7
-685.3
-684.9
-684.5
-684.1
-683.7
-683.2
-682.8
-682.4
-681.9
-681.5
-681
-680.6
-680.1
-679.7
-679.2
-678.7
-678.3
-677.8
-677.3
-676.8
-676.3
-675.8
-675.3
-674.8
-674.3
-673.8
-673.3
-672.7
-672.2
-671.7
-671.2
-670.6
-670.1
-669.5
-669
-668.4
-667.9
-667.3
-666.7
-666.2
-665.6
-665
-664.4
-663.8
-663.2
-662.6
-662
-661.4
-660.8
-660.2
-659.6
-659
-658.3
-657.7
-657.1
-656.4
-655.8
-655.1
-654.5
-653.8
-653.2
-652.5
-651.8
-651.1
-650.5
-649.8
-649.1
-648.4
-647.7
-647
-646.3
-645.6
-644.9
-644.2
-643.4
-642.7
-642
-641.2
-640.5
-639.8
-639
-638.3
-637.5
-636.7
-636
-635.2
-634.4
-633.6
-632.9
-632.1
-631.3
-630.5
-629.7
-628.9
-628
-627.2
-626.4
-625.6
-624.8
-623.9
-623.1
-622.2
-621.4
-620.5
-619.6
-618.8
-617.9
-617
-616.2
-615.3
-614.4
-613.5
-612.6
-611.7
-610.8
-609.9
-609
-608
-607.1
-606.2
-605.2
-604.3
-603.4
-602.4
-601.5
-600.5
-599.5
-598.6
-597.6
-596.6
-595.6
-594.7
-593.7
-592.7
-591.6
-590.6
-589.6
-588.6
-587.6
-586.6
-585.5
-584.5
-583.5
-582.4
-581.4
-580.3
-579.2
-578.2
-577.1
-576
-574.9
-573.9
-572.8
-571.7
-570.6
-569.4
-568.3
-567.2
-566.1
-564.9
-563.8
-562.7
-561.5
-560.4
-559.2
-558
-556.9
-555.7
-554.5
-553.3
-552.1
-550.9
-549.7
-548.5
-547.3
-546.1
-544.9
-543.6
-542.4
-541.2
-539.9
-538.7
-537.4
-536.2
-534.9
-533.6
-532.3
-531
-529.7
-528.4
-527.1
-525.8
-524.5
-523.2
-521.9
-520.5
-519.2
-517.9
-516.5
-515.1
-513.8
-512.4
-511
-509.6
-508.3
-506.9
-505.5
-504.1
-502.7
-501.2
-499.8
-498.4
-496.9
-495.5
-494
-492.6
-491.1
-489.6
-488.2
-486.7
-485.2
-483.7
-482.2
-480.7
-479.2
-477.6
-476.1
-474.6
-473
-471.5
-469.9
-468.4
-466.8
-465.2
-463.7
-462.1
-460.5
-458.9
-457.3
-455.6
-454
-452.4
-450.8
-449.1
-447.5
-445.8
-444.1
-442.5
-440.8
-439.1
-437.4
-435.7
-434
-432.3
-430.5
-428.8
-427.1
-425.3
-423.6
-421.8
-420
-418.3
-416.5
-414.7
-412.9
-411.1
-409.3
-407.4
-405.6
-403.7
-401.9
-400
-398.2
-396.3
-394.4
-392.5
-390.6
-388.7
-386.8
-384.9
-382.9
-381
-379
-377
-375.1
-373.1
-371.1
-369.1
-367.1
-365
-363
-361
-358.9
-356.9
-354.8
-352.7
-350.6
-348.5
-346.4
-344.3
-342.1
-340
-337.9
-335.7
-333.5
-331.3
-329.1
-326.9
-324.7
-322.5
-320.2
-318
-315.7
-313.5
-311.2
-308.9
-306.6
-304.3
-301.9
-299.6
-297.2
-294.9
-292.5
-290.1
-287.7
-285.3
-282.9
-280.4
-277.9
-275.5
-273
-270.5
-268
-265.5
-263
-260.4
-257.8
-255.3
-252.7
-250.1
-247.4
-244.8
-242.1
-239.4
-236.7
-234
-231.3
-228.6
-225.8
-223.1
-220.3
-217.4
-214.6
-211.7
-208.9
-206
-203.1
-200.2
-197.2
-194.2
-191.2
-188.2
-185.2
-182.1
-179
-175.9
-172.8
-169.7
-166.5
-163.3
-160
-156.8
-153.5
-150.2
-146.8
-143.4
-140
-136.6
-133.1
-129.6
-126
-122.5
-118.9
-115.2
-111.5
-107.8
-104
-100.3
-96.4
-92.5
-88.5
-84.5
-80.4
-76.3
-72
-67.7
-63.4
-59
-54.5
-49.8
-45.1
-40.2
-35.3
-30.1
-24.8
-19.3
-13.5
-7.2
-0.3
