-21679.499727487564087
-21686.995797514915466
-21693.126409411430359
-21698.872129678726196
-21704.351376533508301
-21709.626936793327332
-21714.740299820899963
-21719.719215035438538
-21724.58526349067688
-21729.350538969039917
-21734.030099272727966
-21738.632929682731628
-21743.168663740158081
-21747.641492486000061
-21752.059090137481689
-21756.421771883964539
-21760.738062143325806
-21765.013441443443298
-21769.248294115066528
-21773.445157527923584
-21777.610551238059998
-21781.74491012096405
-21785.848092675209045
-21789.926210522651672
-21793.976174354553223
-21798.001371622085571
-21802.00288724899292
-21805.985945701599121
-21809.9476238489151
-21813.889779806137085
-21817.812658905982971
-21821.716267943382263
-21825.604541659355164
-21829.47947633266449
-21833.336112022399902
-21837.183147788047791
-21841.016874074935913
-21844.841159582138062
-21848.649802565574646
-21852.448246955871582
-21856.239055991172791
-21860.017284750938416
-21863.786679863929749
-21867.542087912559509
-21871.290497303009033
-21875.029700517654419
-21878.761576652526855
-21882.487563848495483
-21886.20524525642395
-21889.917191386222839
-21893.622282028198242
-21897.321425557136536
-21901.014769196510315
-21904.700661540031433
-21908.383617997169495
-21912.061954379081726
-21915.734555959701538
-21919.403529644012451
-21923.06588888168335
-21926.723026990890503
-21930.377886652946472
-21934.027761936187744
-21937.673574328422546
-21941.316748738288879
-21944.953760385513306
-21948.59431517124176
-21952.231093525886536
-21955.859448075294495
-21959.489866137504578
-21963.116430044174194
-21966.73671281337738
-21970.354325532913208
-21973.970497131347656
-21977.58760404586792
-21981.201080441474915
-21984.808922052383423
-21988.418540000915527
-21992.025200605392456
-21995.63206148147583
-21999.237611055374146
-22002.836921811103821
-22006.440469980239868
-22010.042031645774841
-22013.640626192092896
-22017.235934615135193
-22020.82806396484375
-22024.418183565139771
-22028.00866711139679
-22031.605838775634766
-22035.19916033744812
-22038.786692142486572
-22042.373471736907959
-22045.964256763458252
-22049.549849390983582
-22053.136236071586609
-22056.721972823143005
-22060.307217597961426
-22063.891530632972717
-22067.477469801902771
-22071.062777400016785
-22074.644484043121338
-22078.228676080703735
-22081.804915189743042
-22085.385870575904846
-22088.970471501350403
-22092.549724817276001
-22096.128103017807007
-22099.711126208305359
-22103.29000461101532
-22106.86952018737793
-22110.451182723045349
-22114.032089471817017
-22117.610614418983459
-22121.188685178756714
-22124.766759395599365
-22128.342742085456848
-22131.922747254371643
-22135.498457789421082
-22139.072990775108337
-22142.647431969642639
-22146.224794507026672
-22149.803737878799438
-22153.376622676849365
-22156.95056140422821
-22160.526173114776611
-22164.09510064125061
-22167.661825656890869
-22171.241575479507446
-22174.815929055213928
-22178.390898585319519
-22181.969788193702698
-22185.545327544212341
-22189.123726606369019
-22192.703836917877197
-22196.281832337379456
-22199.857458591461182
-22203.428753018379211
-22207.001064538955688
-22210.578612923622131
-22214.154682755470276
-22217.730823636054993
-22221.303714632987976
-22224.878483653068542
-22228.454557418823242
-22232.033247351646423
-22235.606994390487671
-22239.185328125953674
-22242.76443088054657
-22246.338090300559998
-22249.914770007133484
-22253.493554830551147
-22257.071541666984558
-22260.649231672286987
-22264.222943782806396
-22267.796139240264893
-22271.373170018196106
-22274.947684288024902
-22278.52452027797699
-22282.099014401435852
-22285.675742149353027
-22289.252511501312256
-22292.826828718185425
-22296.405102133750916
-22299.981238484382629
-22303.561065077781677
-22307.143645405769348
-22310.722087621688843
-22314.302797555923462
-22317.879012942314148
-22321.45617663860321
-22325.033174276351929
-22328.610636353492737
-22332.187556028366089
-22335.765248537063599
-22339.343046426773071
-22342.923586249351501
-22346.502506256103516
-22350.084435939788818
-22353.664906859397888
-22357.242777943611145
-22360.825430750846863
-22364.404546618461609
-22367.9862220287323
-22371.560448527336121
-22375.138587713241577
-22378.715684652328491
-22382.284838438034058
-22385.860136985778809
-22389.434206366539001
-22393.009366035461426
-22396.586822271347046
-22400.161289215087891
-22403.735178828239441
-22407.314489603042603
-22410.892417550086975
-22414.472734689712524
-22418.053080677986145
-22421.635883569717407
-22425.214976072311401
-22428.796323776245117
-22432.378538846969604
-22435.956092953681946
-22439.538127183914185
-22443.115154147148132
-22446.694372653961182
-22450.271504044532776
-22453.847808718681335
-22457.424382567405701
-22461.003346920013428
-22464.577624082565308
-22468.154975533485413
-22471.734774231910706
-22475.320647835731506
-22478.896876811981201
-22482.480576157569885
-22486.061751365661621
-22489.650971174240112
-22493.234400749206543
-22496.819511413574219
-22500.400912761688232
-22503.980398654937744
-22507.563814997673035
-22511.147166848182678
-22514.727752566337585
-22518.306480288505554
-22521.892498016357422
-22525.470247387886047
-22529.054067730903625
-22532.635649561882019
-22536.214827537536621
-22539.793460249900818
-22543.378914475440979
-22546.960222363471985
-22550.541185855865479
-22554.124786496162415
-22557.708680868148804
-22561.289969086647034
-22564.870399475097656
-22568.451799988746643
-22572.033041477203369
-22575.609938621520996
-22579.190498232841492
-22582.772531151771545
-22586.358392715454102
-22589.940526723861694
-22593.524836778640747
-22597.1091388463974
-22600.691713809967041
-22604.27118182182312
-22607.853356003761292
-22611.437883138656616
-22615.022822856903076
-22618.606209993362427
-22622.192259192466736
-22625.776914477348328
-22629.359496831893921
-22632.947390556335449
-22636.533381700515747
-22640.116997599601746
-22643.698798894882202
-22647.285841226577759
-22650.871749758720398
-22654.451414465904236
-22658.033964276313782
-22661.620434403419495
-22665.208124041557312
-22668.797731399536133
-22672.381702423095703
-22675.9641934633255
-22679.549329400062561
-22683.12906289100647
-22686.71861469745636
-22690.308127522468567
-22693.892859101295471
-22697.478553175926208
-22701.069014668464661
-22704.655160188674927
-22708.239042043685913
-22711.828086972236633
-22715.412246942520142
-22718.998165726661682
-22722.588974356651306
-22726.178347110748291
-22729.766706824302673
-22733.361551880836487
-22736.948597431182861
-22740.534178495407104
-22744.119214653968811
-22747.706602811813354
-22751.292291522026062
-22754.883523344993591
-22758.475038647651672
-22762.05931031703949
-22765.648400187492371
-22769.235920548439026
-22772.826730012893677
-22776.415799498558044
-22780.002904295921326
-22783.593317151069641
-22787.182916402816772
-22790.767041206359863
-22794.355186939239502
-22797.946042776107788
-22801.531833052635193
-22805.119203329086304
-22808.711260199546814
-22812.29943573474884
-22815.887958407402039
-22819.47689425945282
-22823.068761467933655
-22826.652231693267822
-22830.242369771003723
-22833.827431559562683
-22837.410407304763794
-22840.998767733573914
-22844.592574238777161
-22848.183923602104187
-22851.775892972946167
-22855.362581014633179
-22858.953546643257141
-22862.543067455291748
-22866.129181027412415
-22869.719239234924316
-22873.30918562412262
-22876.896831750869751
-22880.478296875953674
-22884.064115881919861
-22887.654018998146057
-22891.244899988174438
-22894.8367520570755
-22898.421985030174255
-22902.012979745864868
-22905.602561235427856
-22909.191691040992737
-22912.785201787948608
-22916.377958536148071
-22919.965834140777588
-22923.558515548706055
-22927.150216341018677
-22930.740008354187012
-22934.337795376777649
-22937.933295965194702
-22941.526254177093506
-22945.11800754070282
-22948.708556413650513
-22952.302057981491089
-22955.895940780639648
-22959.488046169281006
-22963.079380750656128
-22966.671318054199219
-22970.273959040641785
-22973.865192890167236
-22977.456801772117615
-22981.052967548370361
-22984.645812273025513
-22988.243133306503296
-22991.839413285255432
-22995.433831453323364
-22999.017741680145264
-23002.613513350486755
-23006.204288125038147
-23009.799608945846558
-23013.39504063129425
-23016.994836807250977
-23020.595464944839478
-23024.189465403556824
-23027.791630029678345
-23031.382422208786011
-23034.977342128753662
-23038.573302984237671
-23042.167332410812378
-23045.760966658592224
-23049.35355019569397
-23052.943495750427246
-23056.534003257751465
-23060.134613990783691
-23063.729185223579407
-23067.329347014427185
-23070.923764586448669
-23074.511709094047546
-23078.107898235321045
-23081.696698546409607
-23085.299203634262085
-23088.895183324813843
-23092.494360327720642
-23096.088650703430176
-23099.683590173721313
-23103.280218124389648
-23106.869591236114502
-23110.469503879547119
-23114.070741295814514
-23117.672614932060242
-23121.263864159584045
-23124.858518600463867
-23128.445513129234314
-23132.040651440620422
-23135.636982798576355
-23139.229521632194519
-23142.825348854064941
-23146.420204281806946
-23150.014996290206909
-23153.611595392227173
-23157.208165049552917
-23160.808989286422729
-23164.404083251953125
-23168.004008054733276
-23171.602346777915955
-23175.197510480880737
-23178.793633103370667
-23182.387485861778259
-23185.987848877906799
-23189.589112877845764
-23193.185127854347229
-23196.779131531715393
-23200.37783408164978
-23203.973585247993469
-23207.571062445640564
-23211.154434323310852
-23214.752082467079163
-23218.3481365442276
-23221.947667241096497
-23225.546425819396973
-23229.147868275642395
-23232.747905373573303
-23236.343627691268921
-23239.934590578079224
-23243.53328013420105
-23247.132458806037903
-23250.730371832847595
-23254.329559683799744
-23257.930854320526123
-23261.524879813194275
-23265.123432636260986
-23268.719253540039062
-23272.322190284729004
-23275.926212072372437
-23279.529116272926331
-23283.127700924873352
-23286.727195024490356
-23290.325781941413879
-23293.923030138015747
-23297.521517276763916
-23301.121107816696167
-23304.727662920951843
-23308.327807664871216
-23311.929222345352173
-23315.525531411170959
-23319.127501130104065
-23322.726578116416931
-23326.323048233985901
-23329.924041628837585
-23333.522621154785156
-23337.118487238883972
-23340.719938635826111
-23344.316275477409363
-23347.913919448852539
-23351.506869673728943
-23355.110379457473755
-23358.706009984016418
-23362.302008867263794
-23365.899170160293579
-23369.501545667648315
-23373.098896026611328
-23376.699331283569336
-23380.301721453666687
-23383.89770519733429
-23387.494512319564819
-23391.096978306770325
-23394.696279764175415
-23398.29265308380127
-23401.890946388244629
-23405.495999693870544
-23409.100912928581238
-23412.705654740333557
-23416.307283759117126
-23419.902008056640625
-23423.496905088424683
-23427.100228905677795
-23430.696606636047363
-23434.29986560344696
-23437.901338815689087
-23441.503054857254028
-23445.107425212860107
-23448.713054180145264
-23452.322224020957947
-23455.926132082939148
-23459.524705529212952
-23463.129596352577209
-23466.733818650245667
-23470.344360709190369
-23473.951648235321045
-23477.554492115974426
-23481.155502796173096
-23484.755579471588135
-23488.358165502548218
-23491.962771415710449
-23495.564697742462158
-23499.171895384788513
-23502.771486282348633
-23506.381211757659912
-23509.983995914459229
-23513.587423801422119
-23517.188845157623291
-23520.794404864311218
-23524.399462223052979
-23528.006835103034973
-23531.607090592384338
-23535.209691882133484
-23538.820605874061584
-23542.425104975700378
-23546.023195505142212
-23549.628344297409058
-23553.232876896858215
-23556.836550116539001
-23560.443754553794861
-23564.042543888092041
-23567.650012016296387
-23571.253940224647522
-23574.858989477157593
-23578.465961575508118
-23582.079673886299133
-23585.681087970733643
-23589.285183191299438
-23592.887720108032227
-23596.496945261955261
-23600.101147651672363
-23603.708468794822693
-23607.315442562103271
-23610.92398202419281
-23614.528049826622009
-23618.129966974258423
-23621.738819122314453
-23625.347641587257385
-23628.957708239555359
-23632.563246369361877
-23636.173508167266846
-23639.776293754577637
-23643.382613182067871
-23646.991759538650513
-23650.602954030036926
-23654.208205699920654
-23657.816363573074341
-23661.424397349357605
-23665.027746438980103
-23668.633802771568298
-23672.241152286529541
-23675.850858688354492
-23679.454753041267395
-23683.057620525360107
-23686.658435106277466
-23690.262748718261719
-23693.863638758659363
-23697.471809506416321
-23701.079006433486938
-23704.691742539405823
-23708.308181047439575
-23711.909783363342285
-23715.522516369819641
-23719.128913760185242
-23722.733428478240967
-23726.350949764251709
-23729.967274069786072
-23733.574651837348938
-23737.182154059410095
-23740.791510105133057
-23744.400891065597534
-23748.009907960891724
-23751.618929862976074
-23755.23441207408905
-23758.844103455543518
-23762.456281423568726
-23766.067941069602966
-23769.675572156906128
-23773.290104985237122
-23776.898274660110474
-23780.512720108032227
-23784.130070090293884
-23787.737229347229004
-23791.345594882965088
-23794.958350539207458
-23798.568177819252014
-23802.173595786094666
-23805.785109519958496
-23809.396113872528076
-23813.006249666213989
-23816.607425451278687
-23820.224315643310547
-23823.833293318748474
-23827.447866678237915
-23831.057539463043213
-23834.667908549308777
-23838.270841360092163
-23841.888329029083252
-23845.503389239311218
-23849.115790009498596
-23852.733995795249939
-23856.34335720539093
-23859.957283616065979
-23863.571290373802185
-23867.181830525398254
-23870.795323371887207
-23874.411024928092957
-23878.021691560745239
-23881.634586691856384
-23885.248923540115356
-23888.863353371620178
-23892.473275542259216
-23896.083940029144287
-23899.684894919395447
-23903.300826549530029
-23906.918071985244751
-23910.52929699420929
-23914.137827157974243
-23917.75261378288269
-23921.365538001060486
-23924.977523803710938
-23928.586362600326538
-23932.200321316719055
-23935.821731090545654
-23939.435524821281433
-23943.049477815628052
-23946.662839889526367
-23950.276691079139709
-23953.894139170646667
-23957.50030517578125
-23961.118622779846191
-23964.734636783599854
-23968.351566791534424
-23971.968421101570129
-23975.583078145980835
-23979.194657802581787
-23982.81750750541687
-23986.427639007568359
-23990.04256546497345
-23993.663203477859497
-23997.271758913993835
-24000.888667941093445
-24004.509035229682922
-24008.129273891448975
-24011.74845552444458
-24015.362551093101501
-24018.982150435447693
-24022.593407511711121
-24026.205904960632324
-24029.814337134361267
-24033.423794746398926
-24037.037647485733032
-24040.648836731910706
-24044.267413854598999
-24047.885770082473755
-24051.493989586830139
-24055.106654167175293
-24058.729658365249634
-24062.34739100933075
-24065.964427471160889
-24069.577823519706726
-24073.194405078887939
-24076.812523722648621
-24080.428981304168701
-24084.037921905517578
-24087.664287805557251
-24091.283986926078796
-24094.906769514083862
-24098.517938375473022
-24102.134762525558472
-24105.756126046180725
-24109.375935792922974
-24112.988536596298218
-24116.605563044548035
-24120.221920967102051
-24123.841317176818848
-24127.45756196975708
-24131.079029321670532
-24134.694193601608276
-24138.306329011917114
-24141.926399230957031
-24145.549672603607178
-24149.172412872314453
-24152.786200523376465
-24156.408123135566711
-24160.028783202171326
-24163.643787622451782
-24167.26540195941925
-24170.875511288642883
-24174.498816609382629
-24178.121273159980774
-24181.731315493583679
-24185.356013894081116
-24188.973950266838074
-24192.598264217376709
-24196.227416038513184
-24199.842265367507935
-24203.460944414138794
-24207.080164909362793
-24210.700026750564575
-24214.312135815620422
-24217.931727528572083
-24221.556576371192932
-24225.179698467254639
-24228.795706748962402
-24232.423837542533875
-24236.041539311408997
-24239.669785261154175
-24243.28642201423645
-24246.906398057937622
-24250.516796469688416
-24254.141510367393494
-24257.760849356651306
-24261.387628316879272
-24265.008718132972717
-24268.632188439369202
-24272.260509490966797
-24275.891056299209595
-24279.518775105476379
-24283.145377159118652
-24286.768415212631226
-24290.38986074924469
-24294.011137247085571
-24297.633355855941772
-24301.253477931022644
-24304.874234914779663
-24308.494270324707031
-24312.123045802116394
-24315.737514734268188
-24319.367755174636841
-24322.98812198638916
-24326.605602264404297
-24330.230586051940918
-24333.852275013923645
-24337.476900577545166
-24341.105799078941345
-24344.726341724395752
-24348.35288405418396
-24351.982417821884155
-24355.600250363349915
-24359.228564262390137
-24362.850574016571045
-24366.477665185928345
-24370.096863985061646
-24373.719551086425781
-24377.346177935600281
-24380.968625426292419
-24384.590223550796509
-24388.208669066429138
-24391.830629825592041
-24395.454464077949524
-24399.084131002426147
-24402.718375086784363
-24406.346270203590393
-24409.972997784614563
-24413.595118641853333
-24417.217903733253479
-24420.845607399940491
-24424.466079354286194
-24428.100832223892212
-24431.719992518424988
-24435.339095950126648
-24438.967077255249023
-24442.595684766769409
-24446.221296787261963
-24449.834882855415344
-24453.458009600639343
-24457.0869140625
-24460.719140291213989
-24464.343710660934448
-24467.961744427680969
-24471.589160799980164
-24475.217980980873108
-24478.843164443969727
-24482.470938324928284
-24486.097216606140137
-24489.72400426864624
-24493.34682297706604
-24496.974802017211914
-24500.606847882270813
-24504.232917428016663
-24507.857630729675293
-24511.486183404922485
-24515.113042712211609
-24518.740348339080811
-24522.369660377502441
-24525.996762037277222
-24529.623438119888306
-24533.256926655769348
-24536.876696348190308
-24540.49951708316803
-24544.128619313240051
-24547.748576045036316
-24551.372393488883972
-24555.000793933868408
-24558.628455400466919
-24562.243126153945923
-24565.864931583404541
-24569.490108728408813
-24573.111527919769287
-24576.738784432411194
-24580.359892725944519
-24583.987336993217468
-24587.603475689888
-24591.21448802947998
-24594.829291343688965
-24598.443405985832214
-24602.061299800872803
-24605.67475950717926
-24609.285286068916321
-24612.893078565597534
-24616.508503437042236
-24620.125747919082642
-24623.727947354316711
-24627.338923335075378
-24630.956667900085449
-24634.566776752471924
-24638.177701234817505
-24641.788900971412659
-24645.395551800727844
-24649.001031160354614
-24652.603068232536316
-24656.214272975921631
-24659.814792513847351
-24663.41755211353302
-24667.009267449378967
-24670.607068061828613
-24674.213675498962402
-24677.81320321559906
-24681.411001563072205
-24685.010273337364197
-24688.595054149627686
-24692.177299857139587
-24695.763267755508423
-24699.340261220932007
-24702.920629024505615
-24706.497423410415649
-24710.073517799377441
-24713.645281672477722
-24717.21122932434082
-24720.778061151504517
-24724.34952986240387
-24727.905512452125549
-24731.465945243835449
-24735.01450788974762
-24738.559340357780457
-24742.103986740112305
-24745.632971167564392
-24749.175289273262024
-24752.715293049812317
-24756.247510194778442
-24759.766124248504639
-24763.27218770980835
-24766.780967473983765
-24770.281456589698792
-24773.790718793869019
-24777.285378098487854
-24780.765036225318909
-24784.237867474555969
-24787.712391018867493
-24791.173372864723206
-24794.625311017036438
-24798.075868487358093
-24801.514849781990051
-24804.946869850158691
-24808.363861680030823
-24811.780659198760986
-24815.169225811958313
-24818.559173345565796
-24821.940557360649109
-24825.314220428466797
-24828.669522404670715
-24832.019378185272217
-24835.356847882270813
-24838.65859055519104
-24841.947990417480469
-24845.221088767051697
-24848.482078313827515
-24851.725189566612244
-24854.946080207824707
-24858.16413676738739
-24861.355062365531921
-24864.512341022491455
-24867.640665292739868
-24870.718473792076111
-24873.774033546447754
-24876.82144033908844
-24879.824195742607117
-24882.78937041759491
-24885.714537978172302
-24888.598788380622864
-24891.453390717506409
-24894.235704302787781
-24896.975467801094055
-24899.624958634376526
-24902.196575403213501
-24904.711571335792542
-24907.145947694778442
-24909.486564993858337
-24911.719902515411377
-24913.811724901199341
-24915.772932052612305
-24917.491142868995667
-24918.982097148895264
-24919.993988990783691
-24920.380733609199524
