-164272.58475065231323
-164280.23196852207184
-164286.50961017608643
-164292.36844980716705
-164297.9449737071991
-164303.31888234615326
-164308.53202080726624
-164313.61110544204712
-164318.5758900642395
-164323.44224500656128
-164328.22107779979706
-164332.9225492477417
-164337.55462336540222
-164342.1228928565979
-164346.63285768032074
-164351.08768451213837
-164355.49317216873169
-164359.85247313976288
-164364.1693617105484
-164368.4445458650589
-164372.68277585506439
-164376.88489484786987
-164381.05345737934113
-164385.19012534618378
-164389.29739785194397
-164393.37570369243622
-164397.42565858364105
-164401.44922506809235
-164405.45001947879791
-164409.42328536510468
-164413.37540805339813
-164417.30438458919525
-164421.21301198005676
-164425.10247790813446
-164428.97221553325653
-164432.82247936725616
-164436.65386772155762
-164440.46779334545135
-164444.26471841335297
-164448.04628920555115
-164451.81134867668152
-164455.56032288074493
-164459.29524552822113
-164463.01462304592133
-164466.7215576171875
-164470.41345632076263
-164474.09089267253876
-164477.75479757785797
-164481.40712666511536
-164485.04718828201294
-164488.67657136917114
-164492.29419612884521
-164495.89976108074188
-164499.49333488941193
-164503.07480537891388
-164506.64504623413086
-164510.20579993724823
-164513.75517129898071
-164517.29755568504333
-164520.82919502258301
-164524.35336625576019
-164527.86678683757782
-164531.37078738212585
-164534.8659108877182
-164538.35274958610535
-164541.83101463317871
-164545.30180943012238
-164548.76393485069275
-164552.21819078922272
-164555.6664731502533
-164559.10466003417969
-164562.53463995456696
-164565.95634984970093
-164569.37197160720825
-164572.77774155139923
-164576.1774650812149
-164579.57055389881134
-164582.95686435699463
-164586.33548903465271
-164589.70809996128082
-164593.07206726074219
-164596.43088984489441
-164599.78180527687073
-164603.12913990020752
-164606.46896183490753
-164609.8043407201767
-164613.13411045074463
-164616.45460665225983
-164619.77211320400238
-164623.08312320709229
-164626.38778567314148
-164629.6885586977005
-164632.98136937618256
-164636.27081167697906
-164639.55421924591064
-164642.83373630046844
-164646.10504567623138
-164649.37106800079346
-164652.63291275501251
-164655.88993990421295
-164659.14088714122772
-164662.38792181015015
-164665.63117527961731
-164668.86842381954193
-164672.10256814956665
-164675.33201038837433
-164678.55650985240936
-164681.77502739429474
-164684.98779237270355
-164688.1982319355011
-164691.40401005744934
-164694.60353708267212
-164697.80134248733521
-164700.99253189563751
-164704.18151652812958
-164707.36208748817444
-164710.54223024845123
-164713.71629238128662
-164716.88708853721619
-164720.05046689510345
-164723.21536529064178
-164726.37147402763367
-164729.52500593662262
-164732.67274856567383
-164735.81901049613953
-164738.95972883701324
-164742.09690892696381
-164745.22936201095581
-164748.36129236221313
-164751.48768842220306
-164754.61082744598389
-164757.72992670536041
-164760.84671711921692
-164763.95967948436737
-164767.06922209262848
-164770.17592477798462
-164773.27683413028717
-164776.37210512161255
-164779.46643769741058
-164782.56011497974396
-164785.6488002538681
-164788.7361102104187
-164791.81676149368286
-164794.89673030376434
-164797.9739111661911
-164801.04567801952362
-164804.11576128005981
-164807.18280780315399
-164810.24449324607849
-164813.30319404602051
-164816.36159563064575
-164819.41783905029297
-164822.46997094154358
-164825.51643252372742
-164828.5634982585907
-164831.60530579090118
-164834.64529514312744
-164837.68120443820953
-164840.71705937385559
-164843.74693059921265
-164846.77424216270447
-164849.79846048355103
-164852.81946086883545
-164855.83399653434753
-164858.84521424770355
-164861.85660243034363
-164864.86479544639587
-164867.87176549434662
-164870.8741888999939
-164873.87421011924744
-164876.8681868314743
-164879.86112880706787
-164882.85232925415039
-164885.84106361865997
-164888.82936036586761
-164891.81424474716187
-164894.79429423809052
-164897.77160394191742
-164900.74666130542755
-164903.72180938720703
-164906.69355535507202
-164909.66529905796051
-164912.6355494260788
-164915.5996960401535
-164918.55843842029572
-164921.51513814926147
-164924.47260725498199
-164927.42601692676544
-164930.37809324264526
-164933.32444620132446
-164936.27163338661194
-164939.21264946460724
-164942.15457832813263
-164945.09476184844971
-164948.03032112121582
-164950.96489751338959
-164953.89566385746002
-164956.82731294631958
-164959.75394725799561
-164962.68144857883453
-164965.60644102096558
-164968.52520823478699
-164971.44277596473694
-164974.35901367664337
-164977.26898002624512
-164980.17928910255432
-164983.08809995651245
-164985.9920312166214
-164988.8962813615799
-164991.79396200180054
-164994.6949098110199
-164997.59233725070953
-165000.48782813549042
-165003.37907445430756
-165006.26797306537628
-165009.15450310707092
-165012.0402489900589
-165014.92200779914856
-165017.8048837184906
-165020.6831386089325
-165023.55968248844147
-165026.43782758712769
-165029.30820369720459
-165032.17938268184662
-165035.04516589641571
-165037.90821397304535
-165040.77545261383057
-165043.63832116127014
-165046.50070154666901
-165049.36010777950287
-165052.2177951335907
-165055.07069635391235
-165057.91936707496643
-165060.76876640319824
-165063.61323416233063
-165066.4606568813324
-165069.30469381809235
-165072.14552533626556
-165074.98584413528442
-165077.82520949840546
-165080.66160368919373
-165083.4977695941925
-165086.33169257640839
-165089.16231894493103
-165091.98840498924255
-165094.81423580646515
-165097.63644075393677
-165100.46193563938141
-165103.28423404693604
-165106.10313177108765
-165108.91891872882843
-165111.73543131351471
-165114.54888951778412
-165117.3599967956543
-165120.16566777229309
-165122.97449398040771
-165125.78165709972382
-165128.58639705181122
-165131.39183378219604
-165134.19265937805176
-165136.99354779720306
-165139.79000747203827
-165142.58378231525421
-165145.37593364715576
-165148.16574168205261
-165150.95328879356384
-165153.74061071872711
-165156.52722156047821
-165159.31269752979279
-165162.09734129905701
-165164.87722027301788
-165167.65690767765045
-165170.43123281002045
-165173.20450174808502
-165175.97800302505493
-165178.74673914909363
-165181.51413106918335
-165184.27926671504974
-165187.04766225814819
-165189.81444942951202
-165192.57606565952301
-165195.33791530132294
-165198.09720885753632
-165200.85442459583282
-165203.61376845836639
-165206.36710965633392
-165209.12014329433441
-165211.87010657787323
-165214.61692440509796
-165217.36004459857941
-165220.10345447063446
-165222.84434425830841
-165225.58706212043762
-165228.32553434371948
-165231.06104183197021
-165233.80040776729584
-165236.53669786453247
-165239.26799988746643
-165241.99948358535767
-165244.72784852981567
-165247.4546707868576
-165250.17754971981049
-165252.90332388877869
-165255.6209214925766
-165258.34068882465363
-165261.05956637859344
-165263.77650594711304
-165266.49409806728363
-165269.20817613601685
-165271.91952586174011
-165274.63104677200317
-165277.33577215671539
-165280.04070556163788
-165282.74886584281921
-165285.45498323440552
-165288.15705513954163
-165290.85935032367706
-165293.55928242206573
-165296.25747203826904
-165298.95188927650452
-165301.64475846290588
-165304.33700037002563
-165307.02296268939972
-165309.71077835559845
-165312.39803194999695
-165315.08103263378143
-165317.76292395591736
-165320.44849729537964
-165323.12781143188477
-165325.80576074123383
-165328.48231792449951
-165331.15830588340759
-165333.8334721326828
-165336.50333881378174
-165339.17157936096191
-165341.84085834026337
-165344.50718808174133
-165347.17377519607544
-165349.84081089496613
-165352.50669884681702
-165355.1665974855423
-165357.82160305976868
-165360.48247051239014
-165363.137162566185
-165365.79182696342468
-165368.44323933124542
-165371.09289634227753
-165373.73744535446167
-165376.38565635681152
-165379.03257858753204
-165381.67744743824005
-165384.32570540904999
-165386.96672058105469
-165389.60504364967346
-165392.24620676040649
-165394.88312089443207
-165397.51745522022247
-165400.14970731735229
-165402.78373086452484
-165405.415611743927
-165408.03651654720306
-165410.66631150245667
-165413.29374277591705
-165415.9189088344574
-165418.54267179965973
-165421.16515219211578
-165423.78356993198395
-165426.40543448925018
-165429.0260272026062
-165431.64468157291412
-165434.258171916008
-165436.86699414253235
-165439.4786981344223
-165442.08925747871399
-165444.69590330123901
-165447.29879975318909
-165449.90475952625275
-165452.50518250465393
-165455.10697960853577
-165457.70734870433807
-165460.3060462474823
-165462.90361845493317
-165465.50274455547333
-165468.10095500946045
-165470.69716715812683
-165473.29128527641296
-165475.88460755348206
-165478.47535669803619
-165481.06366062164307
-165483.6471049785614
-165486.22803771495819
-165488.81087207794189
-165491.39345455169678
-165493.97436952590942
-165496.55705082416534
-165499.13111758232117
-165501.70698285102844
-165504.2749537229538
-165506.84852612018585
-165509.41853308677673
-165511.9883713722229
-165514.56074619293213
-165517.12794661521912
-165519.6883430480957
-165522.24643397331238
-165524.80578064918518
-165527.36021053791046
-165529.92029333114624
-165532.47717034816742
-165535.03242075443268
-165537.58795142173767
-165540.14238035678864
-165542.69323396682739
-165545.23836803436279
-165547.78464698791504
-165550.33341801166534
-165552.87878692150116
-165555.41894340515137
-165557.95968234539032
-165560.49876427650452
-165563.03881061077118
-165565.57777488231659
-165568.11203801631927
-165570.64645373821259
-165573.17831194400787
-165575.7064254283905
-165578.23026514053345
-165580.75726890563965
-165583.27662348747253
-165585.79779887199402
-165588.32074522972107
-165590.84413743019104
-165593.3585489988327
-165595.88106417655945
-165598.39768707752228
-165600.91258347034454
-165603.42581462860107
-165605.93469774723053
-165608.44630610942841
-165610.95305478572845
-165613.45933079719543
-165615.96162557601929
-165618.46382117271423
-165620.96566545963287
-165623.46639549732208
-165625.96346187591553
-165628.45743298530579
-165630.95650291442871
-165633.44714987277985
-165635.94047439098358
-165638.43166589736938
-165640.92140650749207
-165643.41429221630096
-165645.90002739429474
-165648.38724780082703
-165650.87374866008759
-165653.35963606834412
-165655.84001100063324
-165658.31852781772614
-165660.79265904426575
-165663.26423490047455
-165665.74470043182373
-165668.21548902988434
-165670.68712592124939
-165673.15643811225891
-165675.62858843803406
-165678.09613132476807
-165680.56120705604553
-165683.02071714401245
-165685.4853447675705
-165687.9433810710907
-165690.40116858482361
-165692.85642778873444
-165695.31283175945282
-165697.75997567176819
-165700.2136834859848
-165702.66708838939667
-165705.11527919769287
-165707.56192541122437
-165710.00698471069336
-165712.44850838184357
-165714.88735806941986
-165717.32305753231049
-165719.76043617725372
-165722.19837784767151
-165724.63126969337463
-165727.06420087814331
-165729.49286496639252
-165731.92230606079102
-165734.34727883338928
-165736.77235519886017
-165739.19834280014038
-165741.62566339969635
-165744.04682302474976
-165746.46640717983246
-165748.88407814502716
-165751.30486106872559
-165753.71693348884583
-165756.13087511062622
-165758.54366672039032
-165760.95498692989349
-165763.36609268188477
-165765.77092814445496
-165768.17766058444977
-165770.57994258403778
-165772.98062181472778
-165775.37821054458618
-165777.77776443958282
-165780.17460775375366
-165782.57097637653351
-165784.96118175983429
-165787.34956610202789
-165789.74288856983185
-165792.12853729724884
-165794.51297926902771
-165796.89161598682404
-165799.27507388591766
-165801.65508306026459
-165804.03182947635651
-165806.41229403018951
-165808.78860855102539
-165811.16195142269135
-165813.53372240066528
-165815.90432298183441
-165818.27108907699585
-165820.63893032073975
-165822.99922323226929
-165825.36476266384125
-165827.72328877449036
-165830.08213996887207
-165832.44211649894714
-165834.80412924289703
-165837.15939831733704
-165839.51545178890228
-165841.87370944023132
-165844.2262749671936
-165846.57251942157745
-165848.91863179206848
-165851.26688814163208
-165853.608194231987
-165855.95041108131409
-165858.29274344444275
-165860.62967121601105
-165862.96719622612
-165865.30083990097046
-165867.62711536884308
-165869.96107888221741
-165872.29705989360809
-165874.62425601482391
-165876.94531095027924
-165879.26788282394409
-165881.59040009975433
-165883.90874528884888
-165886.23010289669037
-165888.54489612579346
-165890.86577808856964
-165893.17946004867554
-165895.49625086784363
-165897.80749988555908
-165900.11226713657379
-165902.42015647888184
-165904.72182297706604
-165907.02224385738373
-165909.3241856098175
-165911.62202930450439
-165913.919806599617
-165916.2150639295578
-165918.50654816627502
-165920.79403102397919
-165923.07838213443756
-165925.36269021034241
-165927.64681816101074
-165929.92715990543365
-165932.20241189002991
-165934.47903490066528
-165936.75778937339783
-165939.03385126590729
-165941.31132578849792
-165943.58165037631989
-165945.84660339355469
-165948.11958277225494
-165950.37729501724243
-165952.64517033100128
-165954.90319836139679
-165957.15470945835114
-165959.40635824203491
-165961.65902709960938
-165963.91010653972626
-165966.15913093090057
-165968.4070075750351
-165970.64866900444031
-165972.8907755613327
-165975.13353884220123
-165977.37238955497742
-165979.60723793506622
-165981.84039521217346
-165984.08345663547516
-165986.31738674640656
-165988.54943537712097
-165990.77449321746826
-165993.00645577907562
-165995.23485863208771
-165997.46197092533112
-165999.67955708503723
-166001.90334928035736
-166004.12204849720001
-166006.34261429309845
-166008.55608999729156
-166010.76707434654236
-166012.97679841518402
-166015.18223428726196
-166017.38493490219116
-166019.58905172348022
-166021.79396378993988
-166023.99454975128174
-166026.19470238685608
-166028.38872539997101
-166030.57680070400238
-166032.76408720016479
-166034.95448231697083
-166037.13724064826965
-166039.32446241378784
-166041.50343632698059
-166043.68049645423889
-166045.85328960418701
-166048.02180504798889
-166050.1884617805481
-166052.35259199142456
-166054.51204669475555
-166056.67363560199738
-166058.82326686382294
-166060.97439563274384
-166063.12895023822784
-166065.28401839733124
-166067.44694757461548
-166069.59790706634521
-166071.73843777179718
-166073.88384962081909
-166076.02828574180603
-166078.1751309633255
-166080.31336939334869
-166082.45241582393646
-166084.58127534389496
-166086.7222136259079
-166088.85324287414551
-166090.97439205646515
-166093.09180986881256
-166095.21123921871185
-166097.33543848991394
-166099.4490339756012
-166101.56230223178864
-166103.67309153079987
-166105.78376185894012
-166107.88835573196411
-166109.99615097045898
-166112.09287369251251
-166114.1959981918335
-166116.29930055141449
-166118.39794075489044
-166120.49482619762421
-166122.59828960895538
-166124.69225668907166
-166126.77474176883698
-166128.85882997512817
-166130.95031535625458
-166133.03171682357788
-166135.10410690307617
-166137.17691886425018
-166139.25473690032959
-166141.33090364933014
-166143.39926600456238
-166145.45836365222931
-166147.52384448051453
-166149.58212792873383
-166151.63739025592804
-166153.69733333587646
-166155.74839961528778
-166157.78938865661621
-166159.82511341571808
-166161.87313771247864
-166163.91545236110687
-166165.95761001110077
-166167.98702824115753
-166170.02522242069244
-166172.05501675605774
-166174.08104741573334
-166176.11119651794434
-166178.13912463188171
-166180.16266298294067
-166182.17932868003845
-166184.18457770347595
-166186.19891083240509
-166188.20588707923889
-166190.21298265457153
-166192.20230889320374
-166194.19687163829803
-166196.18812119960785
-166198.17887890338898
-166200.17373287677765
-166202.15573370456696
-166204.1384859085083
-166206.11486351490021
-166208.08995521068573
-166210.06174910068512
-166212.02859687805176
-166213.99887478351593
-166215.96511495113373
-166217.92301762104034
-166219.87348508834839
-166221.82181870937347
-166223.76664400100708
-166225.71316564083099
-166227.65963125228882
-166229.60585176944733
-166231.55006647109985
-166233.49726068973541
-166235.41749346256256
-166237.34375202655792
-166239.27206707000732
-166241.20038223266602
-166243.11094844341278
-166245.04050660133362
-166246.94218623638153
-166248.84894895553589
-166250.76406669616699
-166252.6759729385376
-166254.57179176807404
-166256.47143864631653
-166258.35633015632629
-166260.25553703308105
-166262.1503849029541
-166264.03925216197968
-166265.9207478761673
-166267.79340386390686
-166269.66599667072296
-166271.54449164867401
-166273.4183109998703
-166275.28693151473999
-166277.13237631320953
-166278.99355888366699
-166280.85416114330292
-166282.71761202812195
-166284.5686206817627
-166286.428218126297
-166288.27747321128845
-166290.12444508075714
-166291.96181917190552
-166293.79794919490814
-166295.62710380554199
-166297.45584952831268
-166299.28004944324493
-166301.10012757778168
-166302.91362655162811
-166304.72674798965454
-166306.54123067855835
-166308.34591615200043
-166310.15281295776367
-166311.95983576774597
-166313.74803805351257
-166315.54058504104614
-166317.33143723011017
-166319.11491453647614
-166320.89846098423004
-166322.67098653316498
-166324.43582093715668
-166326.19768357276917
-166327.96473121643066
-166329.73397552967072
-166331.50436317920685
-166333.26563346385956
-166335.01480114459991
-166336.75436913967133
-166338.50234282016754
-166340.23970723152161
-166341.98060321807861
-166343.72081017494202
-166345.44678008556366
-166347.18022477626801
-166348.90456795692444
-166350.61534893512726
-166352.32339859008789
-166354.03155624866486
-166355.72867953777313
-166357.41180372238159
-166359.10706830024719
-166360.79269111156464
-166362.4837920665741
-166364.1568877696991
-166365.83523595333099
-166367.49572145938873
-166369.14152956008911
-166370.79189312458038
-166372.43635928630829
-166374.06791508197784
-166375.69156539440155
-166377.30848574638367
-166378.92771875858307
-166380.54026114940643
-166382.15754389762878
-166383.76807963848114
-166385.36459136009216
-166386.94702708721161
-166388.53338241577148
-166390.12333345413208
-166391.69873452186584
-166393.26795542240143
-166394.8466409444809
-166396.39602565765381
-166397.96527087688446
-166399.50715172290802
-166401.05713391304016
-166402.59811651706696
-166404.14016830921173
-166405.68867552280426
-166407.21858096122742
-166408.74248206615448
-166410.26597809791565
-166411.76404118537903
-166413.26380407810211
-166414.75605857372284
-166416.23679292201996
