-330908.86539363861084
-330917.20818328857422
-330924.17600440979004
-330930.71637725830078
-330936.9650411605835
-330943.00187015533447
-330948.8681468963623
-330954.58700942993164
-330960.18227767944336
-330965.67156505584717
-330971.06474113464355
-330976.37181758880615
-330981.60194301605225
-330986.76218605041504
-330991.85789680480957
-330996.89428520202637
-331001.87736797332764
-331006.80928707122803
-331011.6909761428833
-331016.52606582641602
-331021.31958866119385
-331026.07136058807373
-331030.78582382202148
-331035.46359252929688
-331040.10779094696045
-331044.7165994644165
-331049.29613590240479
-331053.84655094146729
-331058.36512851715088
-331062.85666275024414
-331067.32338523864746
-331071.76475620269775
-331076.18135833740234
-331080.57492542266846
-331084.94212055206299
-331089.2860803604126
-331093.61115741729736
-331097.91665935516357
-331102.20196437835693
-331106.46952342987061
-331110.71829032897949
-331114.94715881347656
-331119.15768623352051
-331123.35148811340332
-331127.52903175354004
-331131.69002819061279
-331135.83704853057861
-331139.96759128570557
-331144.08273410797119
-331148.17952060699463
-331152.26343441009521
-331156.33475875854492
-331160.39527034759521
-331164.44005298614502
-331168.4706859588623
-331172.48958873748779
-331176.49540328979492
-331180.48703956604004
-331184.46896171569824
-331188.4366283416748
-331192.3972749710083
-331196.34700679779053
-331200.28894996643066
-331204.21675205230713
-331208.13350009918213
-331212.04091262817383
-331215.93864059448242
-331219.82301044464111
-331223.70038509368896
-331227.56820583343506
-331231.42617130279541
-331235.27605819702148
-331239.1154088973999
-331242.94633674621582
-331246.76806640625
-331250.58109855651855
-331254.38526916503906
-331258.18146228790283
-331261.97124481201172
-331265.75057029724121
-331269.51789569854736
-331273.28262233734131
-331277.03885364532471
-331280.78685665130615
-331284.52602767944336
-331288.26006698608398
-331291.98700046539307
-331295.70808887481689
-331299.42088413238525
-331303.12809562683105
-331306.82471370697021
-331310.51451206207275
-331314.19854545593262
-331317.87557411193848
-331321.54793453216553
-331325.21588516235352
-331328.87533664703369
-331332.52611827850342
-331336.17289161682129
-331339.81361198425293
-331343.44820499420166
-331347.07505893707275
-331350.69733333587646
-331354.31328105926514
-331357.92288017272949
-331361.52533912658691
-331365.12187194824219
-331368.71448802947998
-331372.30190277099609
-331375.88222885131836
-331379.46161651611328
-331383.03191566467285
-331386.5970573425293
-331390.15652847290039
-331393.70889759063721
-331397.25801944732666
-331400.80198001861572
-331404.34113883972168
-331407.87581825256348
-331411.41095733642578
-331414.93838024139404
-331418.45689296722412
-331421.97250080108643
-331425.48452377319336
-331428.99166488647461
-331432.49517822265625
-331435.99252128601074
-331439.48785877227783
-331442.97562217712402
-331446.4584264755249
-331449.93752288818359
-331453.41209030151367
-331456.88388538360596
-331460.351731300354
-331463.81585121154785
-331467.27608680725098
-331470.73286247253418
-331474.18278980255127
-331477.62934112548828
-331481.07248115539551
-331484.51403999328613
-331487.94664192199707
-331491.3760290145874
-331494.80538177490234
-331498.22885894775391
-331501.64988613128662
-331505.06817531585693
-331508.4847412109375
-331511.89595603942871
-331515.30256271362305
-331518.70779609680176
-331522.10585498809814
-331525.4997501373291
-331528.89165687561035
-331532.28128623962402
-331535.66733169555664
-331539.05235862731934
-331542.43160343170166
-331545.80699920654297
-331549.1798038482666
-331552.54804229736328
-331555.91509056091309
-331559.27905368804932
-331562.6377592086792
-331565.99173355102539
-331569.34374713897705
-331572.69317817687988
-331576.03852558135986
-331579.38148021697998
-331582.71946430206299
-331586.05774116516113
-331589.39164447784424
-331592.72593879699707
-331596.05730438232422
-331599.38213539123535
-331602.70543575286865
-331606.02213096618652
-331609.33465576171875
-331612.64671516418457
-331615.95320129394531
-331619.26053428649902
-331622.56546401977539
-331625.8683614730835
-331629.16781330108643
-331632.4621057510376
-331635.75662517547607
-331639.04335880279541
-331642.32846069335938
-331645.6121826171875
-331648.89597225189209
-331652.17503833770752
-331655.45399284362793
-331658.73165702819824
-331662.00198078155518
-331665.2719144821167
-331668.53945922851562
-331671.80282878875732
-331675.06569957733154
-331678.32464694976807
-331681.57745933532715
-331684.82974720001221
-331688.08141326904297
-331691.32952499389648
-331694.57654190063477
-331697.82154655456543
-331701.06169986724854
-331704.29752922058105
-331707.53377914428711
-331710.76826667785645
-331713.99995899200439
-331717.22760009765625
-331720.45555305480957
-331723.6773042678833
-331726.89869403839111
-331730.12063598632812
-331733.33611011505127
-331736.551589012146
-331739.76688957214355
-331742.97630977630615
-331746.18812847137451
-331749.39680290222168
-331752.60282516479492
-331755.80791568756104
-331759.01011657714844
-331762.21000671386719
-331765.40121173858643
-331768.59272766113281
-331771.77975940704346
-331774.96731376647949
-331778.15601921081543
-331781.33776378631592
-331784.52026844024658
-331787.69619464874268
-331790.87369823455811
-331794.04945755004883
-331797.22239589691162
-331800.39075374603271
-331803.55730152130127
-331806.7230863571167
-331809.88594627380371
-331813.04809474945068
-331816.21073150634766
-331819.36696243286133
-331822.52224636077881
-331825.67539882659912
-331828.82818984985352
-331831.97850608825684
-331835.13031673431396
-331838.28065204620361
-331841.42722797393799
-331844.56686592102051
-331847.70302486419678
-331850.83983039855957
-331853.97733879089355
-331857.11351299285889
-331860.24392127990723
-331863.37279987335205
-331866.50024127960205
-331869.62664699554443
-331872.75246334075928
-331875.86985111236572
-331878.9904727935791
-331882.10947608947754
-331885.22818851470947
-331888.34674167633057
-331891.45873928070068
-331894.57367134094238
-331897.68472480773926
-331900.79862976074219
-331903.9055118560791
-331907.01212501525879
-331910.11682987213135
-331913.21709442138672
-331916.31843185424805
-331919.41757488250732
-331922.52026748657227
-331925.61679744720459
-331928.70997047424316
-331931.80503177642822
-331934.89577007293701
-331937.98605918884277
-331941.07528209686279
-331944.15799331665039
-331947.23860836029053
-331950.31972503662109
-331953.40388488769531
-331956.4808235168457
-331959.56261920928955
-331962.63909530639648
-331965.71285247802734
-331968.78253936767578
-331971.85125732421875
-331974.91774463653564
-331977.98973274230957
-331981.05368232727051
-331984.11918067932129
-331987.18490505218506
-331990.24747943878174
-331993.3062629699707
-331996.36538505554199
-331999.42319488525391
-332002.47561836242676
-332005.52823734283447
-332008.57983207702637
-332011.63139629364014
-332014.6785249710083
-332017.72286510467529
-332020.77207183837891
-332023.8213996887207
-332026.86367988586426
-332029.90852737426758
-332032.95207023620605
-332035.99300861358643
-332039.03201580047607
-332042.06713485717773
-332045.10607242584229
-332048.13271427154541
-332051.16385650634766
-332054.19553279876709
-332057.22303676605225
-332060.24766254425049
-332063.27141857147217
-332066.29069328308105
-332069.30704689025879
-332072.31937789916992
-332075.33869647979736
-332078.35787200927734
-332081.36946201324463
-332084.38152885437012
-332087.39121150970459
-332090.40396118164062
-332093.41529560089111
-332096.42288017272949
-332099.43267154693604
-332102.43762969970703
-332105.44627571105957
-332108.44982433319092
-332111.45510005950928
-332114.4609375
-332117.45870971679688
-332120.45336532592773
-332123.45177173614502
-332126.44671535491943
-332129.44428157806396
-332132.43956089019775
-332135.42700862884521
-332138.41915988922119
-332141.40732955932617
-332144.39482593536377
-332147.38174915313721
-332150.36797332763672
-332153.35239219665527
-332156.33656978607178
-332159.32040405273438
-332162.30083084106445
-332165.27878284454346
-332168.25377464294434
-332171.22464561462402
-332174.20024585723877
-332177.17322540283203
-332180.14150905609131
-332183.11030960083008
-332186.08206462860107
-332189.05057239532471
-332192.01518630981445
-332194.98426151275635
-332197.95242118835449
-332200.91562557220459
-332203.87639236450195
-332206.83760070800781
-332209.79497814178467
-332212.75093078613281
-332215.7078275680542
-332218.66512012481689
-332221.61476802825928
-332224.56198501586914
-332227.51204490661621
-332230.45945644378662
-332233.40396690368652
-332236.3480920791626
-332239.29298686981201
-332242.23816967010498
-332245.18054962158203
-332248.12243938446045
-332251.06582164764404
-332254.0025806427002
-332256.9429235458374
-332259.87804889678955
-332262.81162261962891
-332265.74088668823242
-332268.67202186584473
-332271.60071563720703
-332274.53236198425293
-332277.46132755279541
-332280.38889312744141
-332283.31981754302979
-332286.24201679229736
-332289.16507148742676
-332292.08695220947266
-332295.00848484039307
-332297.93011665344238
-332300.85263633728027
-332303.77104759216309
-332306.68778324127197
-332309.60006523132324
-332312.51489639282227
-332315.42632293701172
-332318.33643245697021
-332321.24776840209961
-332324.16117000579834
-332327.06813812255859
-332329.98255634307861
-332332.89027500152588
-332335.79561328887939
-332338.70292186737061
-332341.60573196411133
-332344.51138687133789
-332347.4113941192627
-332350.31718635559082
-332353.21888637542725
-332356.11396980285645
-332359.01450824737549
-332361.91116809844971
-332364.80963134765625
-332367.70909881591797
-332370.60151863098145
-332373.4997091293335
-332376.39125347137451
-332379.2771577835083
-332382.16467571258545
-332385.05224227905273
-332387.9401273727417
-332390.82804775238037
-332393.71546268463135
-332396.60058784484863
-332399.48609447479248
-332402.37057304382324
-332405.25659847259521
-332408.13757038116455
-332411.0177698135376
-332413.89828491210938
-332416.77936935424805
-332419.65834045410156
-332422.53063583374023
-332425.40674495697021
-332428.27987670898438
-332431.15340042114258
-332434.02266216278076
-332436.89268970489502
-332439.75858688354492
-332442.63000106811523
-332445.50136947631836
-332448.36327075958252
-332451.22324848175049
-332454.08755207061768
-332456.95032405853271
-332459.81263160705566
-332462.67659473419189
-332465.53689384460449
-332468.39239501953125
-332471.2492151260376
-332474.10486316680908
-332476.95605564117432
-332479.80784320831299
-332482.66129684448242
-332485.51441955566406
-332488.36485958099365
-332491.21205615997314
-332494.05958938598633
-332496.90977382659912
-332499.75321674346924
-332502.59740257263184
-332505.43503856658936
-332508.27869129180908
-332511.11975765228271
-332513.95798397064209
-332516.79507160186768
-332519.63437461853027
-332522.47264575958252
-332525.30931377410889
-332528.13997936248779
-332530.97668838500977
-332533.8104133605957
-332536.64833450317383
-332539.48169040679932
-332542.31277847290039
-332545.14105129241943
-332547.9700403213501
-332550.79490375518799
-332553.62531661987305
-332556.45377445220947
-332559.27869510650635
-332562.0992488861084
-332564.92463684082031
-332567.74123382568359
-332570.56281566619873
-332573.38639259338379
-332576.20216369628906
-332579.02589988708496
-332581.84864234924316
-332584.66830825805664
-332587.48972034454346
-332590.3073148727417
-332593.1278076171875
-332595.94604587554932
-332598.75716114044189
-332601.56374263763428
-332604.3741979598999
-332607.18728446960449
-332610.0000638961792
-332612.80684089660645
-332615.61701011657715
-332618.42562294006348
-332621.22932434082031
-332624.03163242340088
-332626.84066581726074
-332629.64292430877686
-332632.44841957092285
-332635.25319290161133
-332638.05260372161865
-332640.85268306732178
-332643.64847564697266
-332646.44545459747314
-332649.2414436340332
-332652.02961540222168
-332654.82547187805176
-332657.62453937530518
-332660.4158935546875
-332663.20297050476074
-332665.99235153198242
-332668.77795124053955
-332671.560866355896
-332674.34665775299072
-332677.13512420654297
-332679.92589092254639
-332682.70899868011475
-332685.49395084381104
-332688.27443408966064
-332691.05331039428711
-332693.83233833312988
-332696.61152744293213
-332699.39071273803711
-332702.16533374786377
-332704.93571090698242
-332707.71988677978516
-332710.49853324890137
-332713.2690544128418
-332716.0383996963501
-332718.8115234375
-332721.5816068649292
-332724.3516788482666
-332727.12227916717529
-332729.88536643981934
-332732.64824867248535
-332735.41859245300293
-332738.18540573120117
-332740.94980049133301
-332743.71739768981934
-332746.4888277053833
-332749.25323486328125
-332752.0141429901123
-332754.77448177337646
-332757.5362606048584
-332760.29394626617432
-332763.04899978637695
-332765.80550384521484
-332768.56596755981445
-332771.32097339630127
-332774.07602500915527
-332776.83596992492676
-332779.59428691864014
-332782.35009670257568
-332785.10188961029053
-332787.85117340087891
-332790.59848880767822
-332793.35077857971191
-332796.10166168212891
-332798.85035514831543
-332801.59933948516846
-332804.34586524963379
-332807.09340858459473
-332809.8396692276001
-332812.58184051513672
-332815.32405662536621
-332818.06250286102295
-332820.80418109893799
-332823.54245281219482
-332826.27881813049316
-332829.01160144805908
-332831.74707889556885
-332834.47999477386475
-332837.20965576171875
-332839.94529724121094
-332842.67990016937256
-332845.41328239440918
-332848.14492321014404
-332850.87457942962646
-332853.60757923126221
-332856.33621597290039
-332859.05854415893555
-332861.78420925140381
-332864.50918674468994
-332867.23107242584229
-332869.95920562744141
-332872.68584060668945
-332875.40720748901367
-332878.12681293487549
-332880.85187911987305
-332883.57265853881836
-332886.29703617095947
-332889.01528930664062
-332891.73305416107178
-332894.45283508300781
-332897.17179679870605
-332899.89197635650635
-332902.6034107208252
-332905.30999279022217
-332908.02308082580566
-332910.73601245880127
-332913.44998836517334
-332916.1537971496582
-332918.85929203033447
-332921.56873321533203
-332924.27021503448486
-332926.97433185577393
-332929.6746711730957
-332932.37356662750244
-332935.08054351806641
-332937.78689002990723
-332940.48909473419189
-332943.18940544128418
-332945.8925952911377
-332948.59288311004639
-332951.29238510131836
-332954.00063991546631
-332956.70829105377197
-332959.40535831451416
-332962.09643745422363
-332964.78759956359863
-332967.48421192169189
-332970.17152404785156
-332972.868821144104
-332975.56053829193115
-332978.25590229034424
-332980.94714736938477
-332983.63515567779541
-332986.32750415802002
-332989.01002025604248
-332991.69812965393066
-332994.38788414001465
-332997.07930374145508
-332999.76482582092285
-333002.44234180450439
-333005.13095092773438
-333007.81678104400635
-333010.49313735961914
-333013.17591857910156
-333015.85997009277344
-333018.5453405380249
-333021.22927570343018
-333023.91061496734619
-333026.58700180053711
-333029.26165008544922
-333031.94365119934082
-333034.62195205688477
-333037.29212856292725
-333039.96984577178955
-333042.6407413482666
-333045.31196689605713
-333047.98970890045166
-333050.6653299331665
-333053.34411334991455
-333056.01592445373535
-333058.68699073791504
-333061.35230731964111
-333064.01725101470947
-333066.68220520019531
-333069.34471035003662
-333072.00973129272461
-333074.67494964599609
-333077.33216857910156
-333080.00000190734863
-333082.66304302215576
-333085.3176097869873
-333087.97431755065918
-333090.63812255859375
-333093.29671192169189
-333095.95616245269775
-333098.61451721191406
-333101.27894687652588
-333103.93032264709473
-333106.59216499328613
-333109.24470329284668
-333111.90104675292969
-333114.55757331848145
-333117.21172523498535
-333119.86391448974609
-333122.51413822174072
-333125.15968227386475
-333127.80724048614502
-333130.45324325561523
-333133.09857559204102
-333135.74364185333252
-333138.39280319213867
-333141.03622722625732
-333143.68193817138672
-333146.32812404632568
-333148.96557903289795
-333151.6063404083252
-333154.24485397338867
-333156.87893962860107
-333159.52046489715576
-333162.15617275238037
-333164.80073642730713
-333167.43039417266846
-333170.06956386566162
-333172.70882606506348
-333175.33849143981934
-333177.96544933319092
-333180.59563827514648
-333183.2268705368042
-333185.8648567199707
-333188.49849414825439
-333191.12905311584473
-333193.75679302215576
-333196.3851900100708
-333199.00572776794434
-333201.63355255126953
-333204.25855827331543
-333206.87469577789307
-333209.48887825012207
-333212.10805034637451
-333214.73298263549805
-333217.35196971893311
-333219.979248046875
-333222.59920787811279
-333225.21908378601074
-333227.83942317962646
-333230.45598125457764
-333233.07394123077393
-333235.68579292297363
-333238.29578971862793
-333240.90835285186768
-333243.51942348480225
-333246.12985134124756
-333248.74185466766357
-333251.35404396057129
-333253.9636812210083
-333256.57443809509277
-333259.18106937408447
-333261.78506278991699
-333264.3896369934082
-333266.99776744842529
-333269.60290908813477
-333272.20691108703613
-333274.80931282043457
-333277.4068603515625
-333280.01377487182617
-333282.61226272583008
-333285.21425724029541
-333287.80834770202637
-333290.40020942687988
-333293.00103855133057
-333295.59616851806641
-333298.18917274475098
-333300.78661346435547
-333303.38735485076904
-333305.98342323303223
-333308.57233333587646
-333311.16242694854736
-333313.7545108795166
-333316.34436225891113
-333318.93503284454346
-333321.52953624725342
-333324.11460304260254
-333326.70284843444824
-333329.29225730895996
-333331.87927055358887
-333334.45890045166016
-333337.03930187225342
-333339.62936019897461
-333342.21881484985352
-333344.79640293121338
-333347.37531185150146
-333349.95435619354248
-333352.53001308441162
-333355.10302257537842
-333357.67786884307861
-333360.25897789001465
-333362.83292961120605
-333365.40594005584717
-333367.97592926025391
-333370.54679393768311
-333373.11350631713867
-333375.68663501739502
-333378.25049686431885
-333380.81921768188477
-333383.39171695709229
-333385.96141719818115
-333388.52635097503662
-333391.09487915039062
-333393.66014099121094
-333396.22267246246338
-333398.78656101226807
-333401.34963035583496
-333403.92048168182373
-333406.48880100250244
-333409.04725742340088
-333411.61309719085693
-333414.18095874786377
-333416.74189853668213
-333419.30199337005615
-333421.86044979095459
-333424.41465663909912
-333426.96853446960449
-333429.52736759185791
-333432.08329677581787
-333434.63865852355957
-333437.18817329406738
-333439.73592376708984
-333442.2894868850708
-333444.84314823150635
-333447.38574314117432
-333449.93009662628174
-333452.48376178741455
-333455.03603935241699
-333457.59120273590088
-333460.13468837738037
-333462.68124389648438
-333465.22054004669189
-333467.75342559814453
-333470.29648017883301
-333472.84455680847168
-333475.39178943634033
-333477.92535972595215
-333480.4622106552124
-333482.99862003326416
-333485.53429889678955
-333488.07641696929932
-333490.61938285827637
-333493.15470027923584
-333495.69240188598633
-333498.22982788085938
-333500.76002597808838
-333503.29262065887451
-333505.82899570465088
-333508.36821460723877
-333510.8958854675293
-333513.42621612548828
-333515.9650821685791
-333518.50136280059814
-333521.02834701538086
-333523.55991077423096
-333526.08377265930176
-333528.60774326324463
-333531.139723777771
-333533.67093086242676
-333536.19785308837891
-333538.72583866119385
-333541.24977970123291
-333543.77073669433594
-333546.28828430175781
-333548.80792045593262
-333551.32697868347168
-333553.84533596038818
-333556.36658191680908
-333558.88442134857178
-333561.39807510375977
-333563.91672134399414
-333566.43085956573486
-333568.947021484375
-333571.46025657653809
-333573.96862411499023
-333576.48464584350586
-333578.99738597869873
-333581.51095581054688
-333584.01815223693848
-333586.52715396881104
-333589.03220558166504
-333591.53379821777344
-333594.03419780731201
-333596.53772163391113
-333599.04084205627441
-333601.54505348205566
-333604.04534435272217
-333606.55568313598633
-333609.06262493133545
-333611.56059265136719
-333614.05804634094238
-333616.55436515808105
-333619.05215454101562
-333621.54150485992432
-333624.02821254730225
-333626.5278844833374
-333629.02800750732422
-333631.51984882354736
-333634.01992702484131
-333636.51456546783447
-333639.00446319580078
-333641.49524307250977
-333643.98940086364746
-333646.47069358825684
-333648.96335411071777
-333651.44697570800781
-333653.932373046875
-333656.41239166259766
-333658.89879703521729
-333661.38672828674316
-333663.87602710723877
-333666.35252380371094
-333668.8416051864624
-333671.32964992523193
-333673.81668186187744
-333676.30377006530762
-333678.78886890411377
-333681.26677703857422
-333683.7459602355957
-333686.2196159362793
-333688.69775104522705
-333691.16986560821533
-333693.65552711486816
-333696.12464427947998
-333698.59853744506836
-333701.07316970825195
-333703.55528736114502
-333706.01647663116455
-333708.48094272613525
-333710.95210838317871
-333713.4239673614502
-333715.90079021453857
-333718.36519336700439
-333720.83828163146973
-333723.30862331390381
-333725.77426433563232
-333728.2371301651001
-333730.70484256744385
-333733.16574192047119
-333735.6232271194458
-333738.08384990692139
-333740.55088901519775
-333743.00447940826416
-333745.4645938873291
-333747.93302536010742
-333750.39907550811768
-333752.85235023498535
-333755.30977630615234
-333757.7586841583252
-333760.21829414367676
-333762.66764354705811
-333765.11109924316406
-333767.56482982635498
-333770.00739765167236
-333772.44993114471436
-333774.90244579315186
-333777.3521146774292
-333779.80418491363525
-333782.25152206420898
-333784.7027587890625
-333787.15098285675049
-333789.59253120422363
-333792.04500102996826
-333794.4911413192749
-333796.93408298492432
-333799.37712287902832
-333801.81628322601318
-333804.24671649932861
-333806.69594383239746
-333809.13400840759277
-333811.57400608062744
-333814.00940132141113
-333816.4423189163208
-333818.87927055358887
-333821.31492614746094
-333823.74877452850342
-333826.18148899078369
-333828.6074686050415
-333831.0350866317749
-333833.46472930908203
-333835.89835643768311
-333838.32880210876465
-333840.75409317016602
-333843.18617343902588
-333845.61875247955322
-333848.04552364349365
-333850.4674711227417
-333852.88932991027832
-333855.31381511688232
-333857.73635196685791
-333860.15575408935547
-333862.58477687835693
-333865.00193977355957
-333867.42034435272217
-333869.83553695678711
-333872.24932765960693
-333874.6705150604248
-333877.07736206054688
-333879.49050998687744
-333881.90555286407471
-333884.3183479309082
-333886.73664474487305
-333889.14767932891846
-333891.55380821228027
-333893.96068000793457
-333896.36813831329346
-333898.77981662750244
-333901.18227100372314
-333903.57713794708252
-333905.9854679107666
-333908.39132404327393
-333910.79455280303955
-333913.20119380950928
-333915.60435009002686
-333918.00417327880859
-333920.40693473815918
-333922.79525470733643
-333925.19727802276611
-333927.59500694274902
-333929.98934078216553
-333932.38895130157471
-333934.78913402557373
-333937.1930627822876
-333939.58211803436279
-333941.97633647918701
-333944.36623859405518
-333946.75540733337402
-333949.13569068908691
-333951.51467990875244
-333953.900710105896
-333956.29153251647949
-333958.67402362823486
-333961.05250549316406
-333963.43512344360352
-333965.82371711730957
-333968.19954204559326
-333970.58093547821045
-333972.95093059539795
-333975.33855247497559
-333977.71642684936523
-333980.09429836273193
-333982.48206996917725
-333984.85679340362549
-333987.23098182678223
-333989.60325145721436
-333991.97736930847168
-333994.35363674163818
-333996.72244071960449
-333999.09242153167725
-334001.45248699188232
-334003.81848239898682
-334006.18480968475342
-334008.5498685836792
-334010.91798877716064
-334013.2892599105835
-334015.65072154998779
-334018.01524257659912
-334020.38646221160889
-334022.7576904296875
-334025.11873817443848
-334027.48671722412109
-334029.85000801086426
-334032.21887111663818
-334034.5761194229126
-334036.94296073913574
-334039.30797290802002
-334041.666916847229
-334044.01842212677002
-334046.38558197021484
-334048.74349975585938
-334051.09578037261963
-334053.44741725921631
-334055.80269241333008
-334058.14712047576904
-334060.50101566314697
-334062.84725284576416
-334065.19129276275635
-334067.54004859924316
-334069.89090442657471
-334072.24023914337158
-334074.58953666687012
-334076.93481254577637
-334079.27743434906006
-334081.61560153961182
-334083.94979763031006
-334086.28933238983154
-334088.6364631652832
-334090.9756031036377
-334093.31671142578125
-334095.66308212280273
-334098.00535297393799
-334100.34280681610107
-334102.68640804290771
-334105.01863288879395
-334107.34644889831543
-334109.68001365661621
-334112.01084613800049
-334114.33712196350098
-334116.65782356262207
-334118.9866771697998
-334121.31704425811768
-334123.6315336227417
-334125.94818305969238
-334128.27540016174316
-334130.60213947296143
-334132.91561412811279
-334135.22990703582764
-334137.54545307159424
-334139.86271572113037
-334142.17428588867188
-334144.49027061462402
-334146.79788017272949
-334149.11382389068604
-334151.43538856506348
-334153.7515287399292
-334156.05455207824707
-334158.3632755279541
-334160.67071914672852
-334162.97908306121826
-334165.28633975982666
-334167.58683300018311
-334169.90524101257324
-334172.20388889312744
-334174.50612354278564
-334176.80818748474121
-334179.09918308258057
-334181.40178680419922
-334183.70522880554199
-334186.00090980529785
-334188.29281330108643
-334190.59788227081299
-334192.89203071594238
-334195.18410301208496
-334197.48162746429443
-334199.77304744720459
-334202.06590270996094
-334204.35588264465332
-334206.64784240722656
-334208.93987464904785
-334211.24197578430176
-334213.52053642272949
-334215.81961822509766
-334218.10082054138184
-334220.39702129364014
-334222.68425464630127
-334224.96121883392334
-334227.25754833221436
-334229.53041839599609
-334231.81861877441406
-334234.10843276977539
-334236.39980030059814
-334238.68900680541992
-334240.9705171585083
-334243.25382423400879
-334245.52907085418701
-334247.81181526184082
-334250.08471202850342
-334252.35677719116211
-334254.63166904449463
-334256.90093612670898
-334259.16874599456787
-334261.44176769256592
-334263.71419429779053
-334265.98952293395996
-334268.25910377502441
-334270.5283899307251
-334272.78372955322266
-334275.05549430847168
-334277.32204246520996
-334279.58230495452881
-334281.82291316986084
-334284.08528900146484
-334286.35279083251953
-334288.60022068023682
-334290.85835838317871
-334293.12005710601807
-334295.38043975830078
-334297.64443778991699
-334299.89479064941406
-334302.14537525177002
-334304.39728355407715
-334306.65462303161621
-334308.89865112304688
-334311.15372753143311
-334313.39889240264893
-334315.63952732086182
-334317.87693691253662
-334320.12349796295166
-334322.36219120025635
-334324.60982513427734
-334326.85261821746826
-334329.08719444274902
-334331.32546710968018
-334333.56517887115479
-334335.80009651184082
-334338.02505970001221
-334340.25882530212402
-334342.49259090423584
-334344.71899604797363
-334346.94216632843018
-334349.17578983306885
-334351.39955902099609
-334353.62930679321289
-334355.85203266143799
-334358.08390808105469
-334360.31100559234619
-334362.54587745666504
-334364.77068042755127
-334366.98754215240479
-334369.21083354949951
-334371.43781089782715
-334373.65738677978516
-334375.86289310455322
-334378.07922172546387
-334380.29754447937012
-334382.50411891937256
-334384.71609401702881
-334386.92605304718018
-334389.13399696350098
-334391.342360496521
-334393.55262565612793
-334395.75546932220459
-334397.96249198913574
-334400.16685009002686
-334402.37005615234375
-334404.56542873382568
-334406.76312732696533
-334408.97037029266357
-334411.17377853393555
-334413.37306690216064
-334415.57856559753418
-334417.77736759185791
-334419.96899700164795
-334422.16687107086182
-334424.35770225524902
-334426.55430126190186
-334428.73835754394531
-334430.92818069458008
-334433.11344146728516
-334435.30881118774414
-334437.49576568603516
-334439.68853759765625
-334441.87496471405029
-334444.06674194335938
-334446.24758148193359
-334448.42336082458496
-334450.60575771331787
-334452.79163265228271
-334454.95681953430176
-334457.12774848937988
-334459.29979610443115
-334461.4686279296875
-334463.64781093597412
-334465.82656097412109
-334468.01396179199219
-334470.18836879730225
-334472.36867809295654
-334474.52812194824219
-334476.70914936065674
-334478.87852954864502
-334481.04287147521973
-334483.20110511779785
-334485.36387729644775
-334487.52179908752441
-334489.67975807189941
-334491.83774566650391
-334493.98554992675781
-334496.13452053070068
-334498.29569911956787
-334500.4532527923584
-334502.61182498931885
-334504.7655143737793
-334506.91984367370605
-334509.07749176025391
-334511.22503566741943
-334513.37032699584961
-334515.50687885284424
-334517.65485763549805
-334519.792724609375
-334521.93572044372559
-334524.07313919067383
-334526.20205974578857
-334528.34125137329102
-334530.47945880889893
-334532.61292457580566
-334534.73538112640381
-334536.86854648590088
-334539.00166988372803
-334541.13930416107178
-334543.28499126434326
-334545.41330528259277
-334547.54560947418213
-334549.67829036712646
-334551.80972576141357
-334553.93471527099609
-334556.05658435821533
-334558.17407703399658
-334560.29146289825439
-334562.41028881072998
-334564.53375339508057
-334566.65366077423096
-334568.7642993927002
-334570.87812328338623
-334572.99905109405518
-334575.11362171173096
-334577.23579216003418
-334579.34340476989746
-334581.45740604400635
-334583.55715942382812
-334585.66688251495361
-334587.76765632629395
-334589.87508964538574
-334591.98856163024902
-334594.07995319366455
-334596.17812156677246
-334598.28368377685547
-334600.38791847229004
-334602.48000621795654
-334604.5820426940918
-334606.67966175079346
-334608.78481578826904
-334610.86793422698975
-334612.95670318603516
-334615.0529956817627
-334617.1298656463623
-334619.22230529785156
-334621.30550289154053
-334623.39272499084473
-334625.48094081878662
-334627.55914306640625
-334629.62759304046631
-334631.70004463195801
-334633.77677440643311
-334635.85296535491943
-334637.91817188262939
-334639.98939895629883
-334642.05842876434326
-334644.12916469573975
-334646.20199680328369
-334648.26636409759521
-334650.33454990386963
-334652.3969030380249
-334654.44780921936035
-334656.50627136230469
-334658.57127380371094
-334660.61727523803711
-334662.67304134368896
-334664.73835849761963
-334666.78354930877686
-334668.82949638366699
-334670.87088108062744
-334672.92130374908447
-334674.97199058532715
-334677.02205371856689
-334679.06381893157959
-334681.11635971069336
-334683.167236328125
-334685.20639038085938
-334687.25408172607422
-334689.29444885253906
-334691.3456563949585
-334693.39478969573975
-334695.43912029266357
-334697.48610401153564
-334699.52249145507812
-334701.54823398590088
-334703.5742073059082
-334705.61495399475098
-334707.65478706359863
-334709.67669773101807
-334711.7056188583374
-334713.73691749572754
-334715.75534248352051
-334717.77596282958984
-334719.80445766448975
-334721.83738136291504
-334723.87153053283691
-334725.89622020721436
-334727.91716575622559
-334729.93853950500488
-334731.96384334564209
-334733.97734260559082
-334735.9899959564209
-334737.99972152709961
-334740.01153373718262
-334742.00295352935791
-334744.00887393951416
-334746.02120494842529
-334748.02821445465088
-334750.0269718170166
-334752.02425575256348
-334754.0101203918457
-334755.99612998962402
-334757.99068546295166
-334759.9793643951416
-334761.95914649963379
-334763.94538307189941
-334765.93251514434814
-334767.92799472808838
-334769.92812824249268
-334771.89953231811523
-334773.87794589996338
-334775.87005996704102
-334777.85165214538574
-334779.83434772491455
-334781.81328010559082
-334783.79351615905762
-334785.75632858276367
-334787.73299694061279
-334789.69826412200928
-334791.6744441986084
-334793.65060043334961
-334795.62009525299072
-334797.57454490661621
-334799.53539180755615
-334801.50439262390137
-334803.45179557800293
-334805.40733051300049
-334807.35637760162354
-334809.30658340454102
-334811.25806522369385
-334813.20726871490479
-334815.17343807220459
-334817.12481880187988
-334819.06961154937744
-334821.01525115966797
-334822.95858383178711
-334824.89575481414795
-334826.84568691253662
-334828.79744338989258
-334830.72598266601562
-334832.66786289215088
-334834.60591793060303
-334836.55725002288818
-334838.48329830169678
-334840.42379474639893
-334842.34816455841064
-334844.27904319763184
-334846.20995044708252
-334848.1503734588623
-334850.08092594146729
-334852.01228046417236
-334853.92431259155273
-334855.86674785614014
-334857.78336238861084
-334859.70409202575684
-334861.60726642608643
-334863.53323650360107
-334865.45223903656006
-334867.37935066223145
-334869.28861331939697
-334871.2044095993042
-334873.10105323791504
-334875.00893020629883
-334876.89625072479248
-334878.78625011444092
-334880.69287776947021
-334882.58668804168701
-334884.47545433044434
-334886.38224983215332
-334888.2620096206665
-334890.15713024139404
-334892.05130958557129
-334893.93275737762451
-334895.81496047973633
-334897.69569396972656
-334899.55400085449219
-334901.43611335754395
-334903.31340789794922
-334905.18342781066895
-334907.06116962432861
-334908.9426155090332
-334910.79835224151611
-334912.65747833251953
-334914.5260763168335
-334916.3974552154541
-334918.26168251037598
-334920.1276388168335
-334921.97800540924072
-334923.84476470947266
-334925.70348262786865
-334927.5625638961792
-334929.41677570343018
-334931.26124286651611
-334933.12026023864746
-334934.96217250823975
-334936.80538177490234
-334938.65797328948975
-334940.50313282012939
-334942.32527732849121
-334944.16373634338379
-334946.00047874450684
-334947.84310626983643
-334949.67301273345947
-334951.51590347290039
-334953.36277961730957
-334955.21834468841553
-334957.0433521270752
-334958.86738967895508
-334960.69627094268799
-334962.52167987823486
-334964.36246585845947
-334966.2045316696167
-334968.01746940612793
-334969.84814071655273
-334971.68835830688477
-334973.51125812530518
-334975.32553005218506
-334977.13588809967041
-334978.9398193359375
-334980.74925899505615
-334982.54783058166504
-334984.34580993652344
-334986.14445495605469
-334987.93819999694824
-334989.7380428314209
-334991.54217338562012
-334993.32885265350342
-334995.12206077575684
-334996.91615009307861
-334998.71769332885742
-335000.49584007263184
-335002.29407596588135
-335004.07599258422852
-335005.8715763092041
-335007.67514228820801
-335009.4458646774292
-335011.22944068908691
-335013.02264213562012
-335014.8072566986084
-335016.58470058441162
-335018.35647296905518
-335020.13413715362549
-335021.90852546691895
-335023.67874908447266
-335025.43414211273193
-335027.21051979064941
-335028.99176406860352
-335030.74727535247803
-335032.49631500244141
-335034.24858856201172
-335036.00887680053711
-335037.76439380645752
-335039.51688575744629
-335041.27181529998779
-335043.02910327911377
-335044.78316116333008
-335046.51176929473877
-335048.23291206359863
-335049.95835304260254
-335051.69471836090088
-335053.42947769165039
-335055.16406345367432
-335056.89678287506104
-335058.65021514892578
-335060.37890815734863
-335062.10576248168945
-335063.80751991271973
-335065.51836681365967
-335067.22976112365723
-335068.95267200469971
-335070.64414119720459
-335072.34493732452393
-335074.04709529876709
-335075.75443458557129
-335077.45138072967529
-335079.13729000091553
-335080.83253765106201
-335082.52535247802734
-335084.21135711669922
-335085.89590644836426
-335087.59325218200684
-335089.27633857727051
-335090.9585075378418
-335092.63911151885986
-335094.29012966156006
-335095.97843933105469
-335097.62926197052002
-335099.30380916595459
-335100.952805519104
-335102.61094570159912
-335104.2579231262207
-335105.89803981781006
-335107.56064510345459
-335109.20882225036621
-335110.88881301879883
-335112.55069541931152
-335114.17654705047607
-335115.82517147064209
-335117.4650821685791
-335119.0929536819458
-335120.70706272125244
-335122.34727764129639
-335123.97164154052734
-335125.61246395111084
-335127.23939228057861
-335128.8568172454834
-335130.46349430084229
-335132.08184432983398
-335133.72941780090332
-335135.36505126953125
-335136.99941253662109
-335138.60870552062988
-335140.20584678649902
-335141.80161952972412
-335143.39175701141357
-335144.98554229736328
-335146.55637645721436
-335148.15401172637939
-335149.7365894317627
-335151.34565544128418
-335152.93361282348633
-335154.50448322296143
-335156.09156131744385
-335157.65528964996338
-335159.21521186828613
-335160.78476715087891
-335162.3194055557251
-335163.88935947418213
-335165.45841217041016
-335166.99884796142578
-335168.55778503417969
-335170.10249900817871
-335171.63819408416748
-335173.1635684967041
-335174.67159843444824
-335176.21271514892578
-335177.75487422943115
-335179.27636241912842
-335180.78534126281738
-335182.31125068664551
-335183.80377769470215
-335185.31967449188232
-335186.84102439880371
-335188.3498477935791
-335189.87563037872314
-335191.40459537506104
-335192.90713977813721
-335194.39913272857666
-335195.89298248291016
-335197.34481239318848
-335198.84587669372559
