-156918.66211235523224
-156926.31148767471313
-156932.58276855945587
-156938.42214298248291
-156943.96371150016785
-156949.2842835187912
-156954.42521977424622
-156959.41330134868622
-156964.26915681362152
-156969.00838589668274
-156973.64543080329895
-156978.18832457065582
-156982.64613962173462
-156987.02758014202118
-156991.33765041828156
-156995.57927811145782
-156999.75755953788757
-157003.87777757644653
-157007.943488240242
-157011.95740103721619
-157015.92175614833832
-157019.8389800786972
-157023.71085739135742
-157027.53990042209625
-157031.32877719402313
-157035.07845509052277
-157038.79152262210846
-157042.46876573562622
-157046.10975301265717
-157049.71847283840179
-157053.29576432704926
-157056.84274244308472
-157060.35925674438477
-157063.84625327587128
-157067.30540776252747
-157070.73791480064392
-157074.14154970645905
-157077.517902135849
-157080.87067246437073
-157084.19974291324615
-157087.50512111186981
-157090.7865492105484
-157094.04654800891876
-157097.28437614440918
-157100.50153970718384
-157103.69755208492279
-157106.87255585193634
-157110.0281480550766
-157113.16362798213959
-157116.27897727489471
-157119.37514662742615
-157122.4544837474823
-157125.51585245132446
-157128.55791282653809
-157131.58150589466095
-157134.58966374397278
-157137.58179318904877
-157140.55789792537689
-157143.5197548866272
-157146.46424996852875
-157149.3927663564682
-157152.30590748786926
-157155.20497357845306
-157158.08870947360992
-157160.95672929286957
-157163.8108069896698
-157166.65089643001556
-157169.47843265533447
-157172.29185879230499
-157175.0926411151886
-157177.88067436218262
-157180.65590989589691
-157183.41842567920685
-157186.16849482059479
-157188.9045661687851
-157191.62737214565277
-157194.3388603925705
-157197.03979396820068
-157199.72857999801636
-157202.40430951118469
-157205.06921219825745
-157207.72310781478882
-157210.36589598655701
-157212.99836993217468
-157215.61889946460724
-157218.22843885421753
-157220.82795011997223
-157223.41619920730591
-157225.99438893795013
-157228.56355261802673
-157231.12254929542542
-157233.67158806324005
-157236.21080374717712
-157238.73800003528595
-157241.25731766223907
-157243.76669144630432
-157246.26668691635132
-157248.75706517696381
-157251.23831915855408
-157253.70978593826294
-157256.17218482494354
-157258.62620401382446
-157261.07082009315491
-157263.50654530525208
-157265.9335823059082
-157268.35351550579071
-157270.76480877399445
-157273.1655513048172
-157275.55799734592438
-157277.94333946704865
-157280.32200264930725
-157282.69124579429626
-157285.05011367797852
-157287.39993476867676
-157289.74422991275787
-157292.0820380449295
-157294.41082537174225
-157296.72847414016724
-157299.04037594795227
-157301.34574127197266
-157303.64287054538727
-157305.93218290805817
-157308.214959025383
-157310.48876237869263
-157312.75547385215759
-157315.01473760604858
-157317.26721155643463
-157319.51205921173096
-157321.75052118301392
-157323.98249518871307
-157326.20579600334167
-157328.42247939109802
-157330.63103806972504
-157332.83401489257812
-157335.0330353975296
-157337.2240959405899
-157339.4089230298996
-157341.58530640602112
-157343.75624811649323
-157345.92055761814117
-157348.07839322090149
-157350.22740805149078
-157352.37107944488525
-157354.50919055938721
-157356.64101922512054
-157358.76736605167389
-157360.88721191883087
-157363.0001128911972
-157365.10682570934296
-157367.20914363861084
-157369.30608284473419
-157371.39562690258026
-157373.47748494148254
-157375.55630373954773
-157377.62938892841339
-157379.6950626373291
-157381.75488233566284
-157383.807781457901
-157385.85585403442383
-157387.90026247501373
-157389.93844199180603
-157391.97039115428925
-157393.99612402915955
-157396.01452040672302
-157398.02970933914185
-157400.03889393806458
-157402.04204308986664
-157404.04033207893372
-157406.03298771381378
-157408.02140259742737
-157410.00143611431122
-157411.97684049606323
-157413.94702470302582
-157415.91215634346008
-157417.87160050868988
-157419.82521462440491
-157421.77651810646057
-157423.72338783740997
-157425.6640944480896
-157427.59719574451447
-157429.52654194831848
-157431.45108723640442
-157433.37296652793884
-157435.28794312477112
-157437.19810819625854
-157439.10228133201599
-157441.00377130508423
-157442.89756286144257
-157444.78578948974609
-157446.67012083530426
-157448.55015921592712
-157450.42198026180267
-157452.2921769618988
-157454.15703856945038
-157456.01928186416626
-157457.87383377552032
-157459.7265967130661
-157461.57175970077515
-157463.40992367267609
-157465.24732899665833
-157467.07910144329071
-157468.90643525123596
-157470.7302964925766
-157472.54990553855896
-157474.36447989940643
-157476.17427885532379
-157477.98042023181915
-157479.78078186511993
-157481.57704901695251
-157483.369295835495
-157485.15579724311829
-157486.93866431713104
-157488.71510529518127
-157490.48810923099518
-157492.25739252567291
-157494.02093911170959
-157495.78132236003876
-157497.53771269321442
-157499.29180431365967
-157501.03971385955811
-157502.78262913227081
-157504.52157413959503
-157506.2550003528595
-157507.98668920993805
-157509.71268784999847
-157511.43613612651825
-157513.15264940261841
-157514.86769223213196
-157516.58096098899841
-157518.28564095497131
-157519.98700785636902
-157521.68679857254028
-157523.38202238082886
-157525.07173442840576
-157526.75470066070557
-157528.43621063232422
-157530.11014676094055
-157531.7826681137085
-157533.44989609718323
-157535.11469721794128
-157536.77667665481567
-157538.43683612346649
-157540.08963406085968
-157541.73822903633118
-157543.38064765930176
-157545.0229514837265
-157546.65961802005768
-157548.29261040687561
-157549.92010951042175
-157551.54638540744781
-157553.16683495044708
-157554.78333413600922
-157556.39514565467834
-157558.00270843505859
-157559.60876190662384
-157561.21238660812378
-157562.80881071090698
-157564.40024590492249
-157565.98836874961853
-157567.57666444778442
-157569.15878927707672
-157570.73658812046051
-157572.31300723552704
-157573.88370800018311
-157575.44968128204346
-157577.01118505001068
-157578.57394754886627
-157580.13049149513245
-157581.68477249145508
-157583.23593127727509
-157584.78396034240723
-157586.3239494562149
-157587.86332833766937
-157589.398313164711
-157590.92830693721771
-157592.45358073711395
-157593.97708487510681
-157595.49682533740997
-157597.01232123374939
-157598.52712535858154
-157600.03695809841156
-157601.54479849338531
-157603.04470753669739
-157604.54091382026672
-157606.03467440605164
-157607.52470731735229
-157609.01253187656403
-157610.49701404571533
-157611.97593581676483
-157613.45218944549561
-157614.92486584186554
-157616.39767372608185
-157617.86478579044342
-157619.32877445220947
-157620.79088485240936
-157622.24619376659393
-157623.69875335693359
-157625.14684402942657
-157626.59141051769257
-157628.0337381362915
-157629.47212517261505
-157630.90727174282074
-157632.33786821365356
-157633.76756119728088
-157635.19471025466919
-157636.61852335929871
-157638.03888761997223
-157639.45464873313904
-157640.86890697479248
-157642.27757513523102
-157643.68615746498108
-157645.08661031723022
-157646.48567342758179
-157647.87962973117828
-157649.27058303356171
-157650.65896129608154
-157652.04657363891602
-157653.42908418178558
-157654.80878615379333
-157656.1798985004425
-157657.5519905090332
-157658.92168533802032
-157660.28323757648468
-157661.64444839954376
-157663.00093495845795
-157664.35438704490662
-157665.70748734474182
-157667.05795013904572
-157668.40314090251923
-157669.74617850780487
-157671.0853945016861
-157672.41886162757874
-157673.74636316299438
-157675.07799553871155
-157676.40080344676971
-157677.72363817691803
-157679.04594969749451
-157680.3640718460083
-157681.67754316329956
-157682.98818814754486
-157684.29589700698853
-157685.60150074958801
-157686.90579915046692
-157688.20736539363861
-157689.49812316894531
-157690.78803730010986
-157692.07537198066711
-157693.35762345790863
-157694.63900029659271
-157695.91958963871002
-157697.19470131397247
-157698.46837103366852
-157699.7360565662384
-157701.00069463253021
-157702.26155436038971
-157703.5175656080246
-157704.77427423000336
-157706.03213798999786
-157707.28326570987701
-157708.52993667125702
-157709.77156674861908
-157711.01207613945007
-157712.25013530254364
-157713.48596620559692
-157714.71410918235779
-157715.94336724281311
-157717.17047727108002
-157718.3941798210144
-157719.60869288444519
-157720.82805418968201
-157722.03765511512756
-157723.24622750282288
-157724.45214104652405
-157725.65334486961365
-157726.8535498380661
-157728.04750823974609
-157729.24021971225739
-157730.42998349666595
-157731.61730575561523
-157732.79989790916443
-157733.97852885723114
-157735.1572699546814
-157736.32844698429108
-157737.50110530853271
-157738.66427528858185
-157739.82683420181274
-157740.98386633396149
-157742.14196348190308
-157743.29642260074615
-157744.45174300670624
-157745.59919953346252
-157746.74847388267517
-157747.89125347137451
-157749.02856063842773
-157750.16269624233246
-157751.29475021362305
-157752.42491459846497
-157753.55152690410614
-157754.67765522003174
-157755.79865252971649
-157756.9168701171875
-157758.03367400169373
-157759.14841973781586
-157760.25310468673706
-157761.35733664035797
-157762.46123373508453
-157763.55643463134766
-157764.64909279346466
-157765.74152147769928
-157766.8334664106369
-157767.92197299003601
-157769.0048770904541
-157770.08235371112823
-157771.16060698032379
-157772.2346715927124
-157773.3038227558136
-157774.37139844894409
-157775.43425345420837
-157776.49883675575256
-157777.5543338060379
-157778.61074829101562
-157779.66466462612152
-157780.71337592601776
-157781.76122426986694
-157782.80471801757812
-157783.84805428981781
-157784.88700973987579
-157785.9217780828476
-157786.95051419734955
-157787.97814500331879
-157789.00444281101227
-157790.02683568000793
-157791.04453206062317
-157792.06067001819611
-157793.07373487949371
-157794.0844452381134
-157795.09320330619812
-157796.09666299819946
-157797.10173368453979
-157798.09376502037048
-157799.0869597196579
-157800.08085930347443
-157801.06831729412079
-157802.0530618429184
-157803.03658843040466
-157804.01655471324921
-157804.99330401420593
-157805.96931886672974
-157806.94411706924438
-157807.90967953205109
-157808.87463223934174
-157809.83847796916962
-157810.7957855463028
-157811.74758672714233
-157812.69739639759064
-157813.64665389060974
-157814.59347128868103
-157815.53516733646393
-157816.47103130817413
-157817.40717375278473
-157818.33267414569855
-157819.26441550254822
-157820.18898832798004
-157821.11212646961212
-157822.03637635707855
-157822.95233023166656
-157823.86685764789581
-157824.77492141723633
-157825.67972612380981
-157826.58294856548309
-157827.48214983940125
-157828.37553429603577
-157829.26742327213287
-157830.15791940689087
-157831.04758310317993
-157831.92799043655396
-157832.80510377883911
-157833.68166255950928
-157834.55524408817291
-157835.4303605556488
-157836.2997499704361
-157837.16579413414001
-157838.02271151542664
-157838.8754096031189
-157839.73127400875092
-157840.58562290668488
-157841.43618834018707
-157842.28340208530426
-157843.12633717060089
-157843.96715366840363
-157844.80803155899048
-157845.64405035972595
-157846.47200453281403
-157847.29511475563049
-157848.11849355697632
-157848.94140148162842
-157849.76105749607086
-157850.57303965091705
-157851.38398492336273
-157852.19061696529388
-157852.99837362766266
-157853.79755413532257
-157854.59489381313324
-157855.39263439178467
-157856.18438959121704
-157856.9671448469162
-157857.74872267246246
-157858.52709186077118
-157859.30078160762787
-157860.07977402210236
-157860.84584832191467
-157861.61141276359558
-157862.37572491168976
-157863.13961589336395
-157863.89032006263733
-157864.64397752285004
-157865.39453887939453
-157866.14674174785614
-157866.89223921298981
-157867.63196051120758
-157868.36865997314453
-157869.10231268405914
-157869.83648777008057
-157870.55979990959167
-157871.28007113933563
-157871.99512374401093
-157872.71254754066467
-157873.42597889900208
-157874.13975536823273
-157874.85090601444244
-157875.55324125289917
-157876.24938571453094
-157876.94851803779602
-157877.64207792282104
-157878.33038735389709
-157879.01438748836517
-157879.69853854179382
-157880.37038266658783
-157881.0483216047287
-157881.72241103649139
-157882.38988208770752
-157883.05494058132172
-157883.7178829908371
-157884.3788286447525
-157885.03150987625122
-157885.68293035030365
-157886.32908189296722
-157886.97319519519806
-157887.6152583360672
-157888.25513696670532
-157888.89128851890564
-157889.51939296722412
-157890.1502890586853
-157890.77837455272675
-157891.40119206905365
-157892.01481926441193
-157892.62610340118408
-157893.23839664459229
-157893.84659218788147
-157894.44417715072632
-157895.0395131111145
-157895.63135826587677
-157896.22493863105774
-157896.81330180168152
-157897.40108799934387
-157897.97763609886169
-157898.55892181396484
-157899.13252234458923
-157899.70438742637634
-157900.26648318767548
-157900.83035576343536
-157901.38447058200836
-157901.93783342838287
-157902.48483180999756
-157903.02508366107941
-157903.56521928310394
-157904.10007905960083
-157904.63572609424591
-157905.16634333133698
-157905.69214689731598
-157906.20965778827667
-157906.72427582740784
-157907.24239790439606
-157907.74948346614838
-157908.25405609607697
-157908.75865387916565
-157909.25260937213898
-157909.74926018714905
-157910.2442535161972
-157910.73114705085754
-157911.2190568447113
-157911.70048940181732
-157912.17413377761841
-157912.64257442951202
-157913.11143040657043
-157913.56922101974487
-157914.03487539291382
-157914.48861503601074
-157914.93390107154846
-157915.38218021392822
-157915.82815480232239
-157916.26052534580231
-157916.69354808330536
-157917.12659645080566
-157917.55694818496704
-157917.98696422576904
-157918.40030956268311
-157918.81796133518219
-157919.23321056365967
-157919.64975249767303
-157920.05406987667084
-157920.45969116687775
-157920.85507106781006
-157921.24874842166901
-157921.62867784500122
-157922.01797986030579
-157922.40089929103851
-157922.77178406715393
-157923.14034843444824
-157923.5123279094696
-157923.88064742088318
-157924.24479377269745
-157924.60003197193146
-157924.95251667499542
-157925.29481720924377
-157925.64519906044006
-157925.97452676296234
-157926.31101894378662
-157926.64167177677155
-157926.9656149148941
-157927.29567921161652
-157927.60939180850983
-157927.92333507537842
-157928.23485457897186
-157928.53342354297638
-157928.83377730846405
-157929.13356506824493
-157929.42970407009125
-157929.71725869178772
-157930.00094676017761
-157930.28004932403564
-157930.55152750015259
-157930.82813620567322
-157931.08529627323151
-157931.34522664546967
-157931.60166668891907
-157931.84856986999512
-157932.09772396087646
-157932.33993351459503
-157932.58323061466217
-157932.82156026363373
-157933.04829251766205
-157933.28279721736908
-157933.50146174430847
-157933.72363924980164
-157933.94484484195709
-157934.15718567371368
-157934.35471034049988
-157934.55354821681976
-157934.75456690788269
-157934.94553875923157
-157935.14137554168701
-157935.32161962985992
-157935.50153589248657
-157935.66920518875122
-157935.8396532535553
-157936.01378858089447
-157936.17246282100677
-157936.3304728269577
-157936.48306524753571
-157936.62957775592804
-157936.77033293247223
-157936.89960837364197
-157937.02888286113739
-157937.14896011352539
-157937.26944720745087
-157937.38131046295166
-157937.4929074048996
-157937.59205305576324
-157937.70026683807373
-157937.79429173469543
-157937.88531374931335
-157937.97342836856842
-157938.04997456073761
-157938.12367737293243
-157938.19300961494446
-157938.26138007640839
-157938.32363939285278
-157938.39007461071014
-157938.43754684925079
-157938.49256539344788
-157938.5390647649765
-157938.58006548881531
-157938.61414456367493
-157938.6475487947464
-157938.6795539855957
-157938.70169031620026
-157938.71718013286591
-157938.72795808315277
-157938.73271989822388
-157938.73632419109344
-157938.72984838485718
-157938.72604644298553
-157938.71881878376007
-157938.70943474769592
-157938.69146335124969
-157938.6695511341095
-157938.64759409427643
-157938.61875653266907
-157938.57315313816071
-157938.52439451217651
-157938.47453272342682
-157938.42561209201813
-157938.36241114139557
-157938.30279242992401
-157938.22485363483429
-157938.15101516246796
-157938.07162415981293
-157937.99175941944122
-157937.90815842151642
-157937.81803107261658
-157937.72672712802887
-157937.61682260036469
-157937.51813185214996
-157937.39991748332977
-157937.2720228433609
-157937.14641892910004
-157937.02376997470856
-157936.88999497890472
-157936.74064064025879
-157936.58928179740906
-157936.44435465335846
-157936.28378176689148
-157936.11406528949738
-157935.94864928722382
-157935.77680516242981
-157935.60648369789124
-157935.41966247558594
-157935.23053658008575
-157935.02825903892517
-157934.8155859708786
-157934.61176741123199
-157934.3881551027298
-157934.15453910827637
-157933.93010413646698
-157933.68988585472107
-157933.44997656345367
-157933.20518743991852
-157932.94854879379272
-157932.70593667030334
-157932.4331521987915
-157932.16894376277924
-157931.89332008361816
-157931.59259688854218
-157931.29409289360046
-157930.99750077724457
-157930.69216454029083
-157930.37291538715363
-157930.05341494083405
-157929.72798883914948
-157929.39514458179474
-157929.0504846572876
-157928.69692254066467
-157928.34953856468201
-157927.97476351261139
-157927.6161698102951
-157927.23210167884827
-157926.83918464183807
-157926.43906950950623
-157926.04226183891296
-157925.63694739341736
-157925.22123110294342
-157924.79493153095245
-157924.36057794094086
-157923.91229176521301
-157923.46387696266174
-157923.00051391124725
-157922.52960479259491
-157922.04752206802368
-157921.56428956985474
-157921.0579594373703
-157920.56031036376953
-157920.04873204231262
-157919.53000843524933
-157918.99467551708221
-157918.44822478294373
-157917.90198683738708
-157917.34501969814301
-157916.78278291225433
-157916.22292375564575
-157915.6523722410202
-157915.0613124370575
-157914.4692314863205
-157913.86628305912018
-157913.23431885242462
-157912.59928905963898
-157911.97794950008392
-157911.3259162902832
-157910.66345226764679
-157910.00004732608795
-157909.33202540874481
-157908.64204895496368
-157907.94726777076721
-157907.22660768032074
-157906.50470495223999
-157905.77682769298553
-157905.04385268688202
-157904.28990995883942
-157903.5235470533371
-157902.74066650867462
-157901.97362315654755
-157901.17132663726807
-157900.37151443958282
-157899.55455267429352
-157898.71260178089142
-157897.88005614280701
-157897.03793573379517
-157896.1836621761322
-157895.30988812446594
-157894.43493902683258
-157893.55363321304321
