-357717.9091545343399
-357726.25332188606262
-357733.21877884864807
-357739.7504495382309
-357745.97952330112457
-357751.98399794101715
-357757.80730879306793
-357763.47516930103302
-357769.00791394710541
-357774.42250573635101
-357779.73129403591156
-357784.94318914413452
-357790.06691896915436
-357795.11027801036835
-357800.07901608943939
-357804.97812235355377
-357809.81175887584686
-357814.58390498161316
-357819.29868972301483
-357823.95837712287903
-357828.56555938720703
-357833.12336802482605
-357837.63405561447144
-357842.10010933876038
-357846.52259504795074
-357850.90330111980438
-357855.2446277141571
-357859.54719543457031
-357863.81262052059174
-357868.04230666160583
-357872.23751211166382
-357876.39898109436035
-357880.527583360672
-357884.62488400936127
-357888.69168508052826
-357892.72876787185669
-357896.73744738101959
-357900.7181624174118
-357904.67157757282257
-357908.59879386425018
-357912.49968671798706
-357916.37425744533539
-357920.22441184520721
-357924.05028188228607
-357927.85204017162323
-357931.63057839870453
-357935.38658213615417
-357939.12016904354095
-357942.83148682117462
-357946.52191138267517
-357950.19171535968781
-357953.84175252914429
-357957.47196829319
-357961.08160972595215
-357964.67136919498444
-357968.24171352386475
-357971.79319393634796
-357975.32714939117432
-357978.84293055534363
-357982.34098994731903
-357985.82250916957855
-357989.28594148159027
-357992.73222744464874
-357996.16183316707611
-357999.57515406608582
-358002.97237944602966
-358006.35345041751862
-358009.71858191490173
-358013.0680969953537
-358016.40283787250519
-358019.72276592254639
-358023.0270482301712
-358026.31651997566223
-358029.59119141101837
-358032.85223543643951
-358036.0992511510849
-358039.33189249038696
-358042.55131232738495
-358045.75663304328918
-358048.94861173629761
-358052.12771666049957
-358055.29369139671326
-358058.44669663906097
-358061.58737182617188
-358064.7152202129364
-358067.83005273342133
-358070.93213081359863
-358074.02148818969727
-358077.09914374351501
-358080.16481900215149
-358083.21844220161438
-358086.26076114177704
-358089.29153919219971
-358092.31073868274689
-358095.31830608844757
-358098.31410932540894
-358101.29883050918579
-358104.27316188812256
-358107.23603510856628
-358110.18720519542694
-358113.12882447242737
-358116.05988752841949
-358118.97996163368225
-358121.89060688018799
-358124.79029965400696
-358127.67945873737335
-358130.55923855304718
-358133.4284063577652
-358136.2870432138443
-358139.13582539558411
-358141.97448348999023
-358144.80327653884888
-358147.62331664562225
-358150.43415355682373
-358153.23535585403442
-358156.02766191959381
-358158.81015062332153
-358161.58284687995911
-358164.3463681936264
-358167.10090279579163
-358169.84662926197052
-358172.58305418491364
-358175.31107008457184
-358178.03056418895721
-358180.74119889736176
-358183.44227457046509
-358186.13490927219391
-358188.81850695610046
-358191.49380803108215
-358194.1607905626297
-358196.81911075115204
-358199.47024726867676
-358202.11203396320343
-358204.74646854400635
-358207.37227201461792
-358209.98910582065582
-358212.59779632091522
-358215.19829571247101
-358217.79163789749146
-358220.37711226940155
-358222.95519876480103
-358225.52533578872681
-358228.08772540092468
-358230.64147567749023
-358233.18880772590637
-358235.72844994068146
-358238.25979661941528
-358240.78414595127106
-358243.30131125450134
-358245.81093764305115
-358248.3132495880127
-358250.8072258234024
-358253.2943412065506
-358255.77399015426636
-358258.24726450443268
-358260.71343660354614
-358263.17269909381866
-358265.62443172931671
-358268.06940865516663
-358270.50715374946594
-358272.93732285499573
-358275.36134576797485
-358277.77831721305847
-358280.18810212612152
-358282.59081017971039
-358284.98757410049438
-358287.37717473506927
-358289.76017045974731
-358292.13635516166687
-358294.50593709945679
-358296.86950373649597
-358299.22729277610779
-358301.57890057563782
-358303.92243528366089
-358306.25923371315002
-358308.58992552757263
-358310.91412627696991
-358313.2315456867218
-358315.54350888729095
-358317.84945344924927
-358320.14941120147705
-358322.44316732883453
-358324.73049521446228
-358327.01121783256531
-358329.28525936603546
-358331.55306196212769
-358333.81551289558411
-358336.07223546504974
-358338.32276225090027
-358340.56718170642853
-358342.80574297904968
-358345.0387190580368
-358347.26616215705872
-358349.48741769790649
-358351.70303177833557
-358353.91311800479889
-358356.11671459674835
-358358.31448590755463
-358360.50640535354614
-358362.69307327270508
-358364.8741443157196
-358367.04929208755493
-358369.21882390975952
-358371.38300561904907
-358373.5418553352356
-358375.69443929195404
-358377.84212005138397
-358379.98415577411652
-358382.12005174160004
-358384.25023257732391
-358386.37478744983673
-358388.49416983127594
-358390.60836565494537
-358392.71779775619507
-358394.82218730449677
-358396.92069065570831
-358399.01529896259308
-358401.10400485992432
-358403.18717110157013
-358405.26530134677887
-358407.33768725395203
-358409.40532004833221
-358411.46774458885193
-358413.52510893344879
-358415.57691371440887
-358417.622718334198
-358419.66427361965179
-358421.70076870918274
-358423.73341822624207
-358425.76018249988556
-358427.78218460083008
-358429.79797518253326
-358431.80961894989014
-358433.81673681735992
-358435.81916034221649
-358437.8162248134613
-358439.80827677249908
-358441.79605257511139
-358443.77819108963013
-358445.75607430934906
-358447.72935450077057
-358449.69735312461853
-358451.66139352321625
-358453.62012040615082
-358455.57325100898743
-358457.52139294147491
-358459.46572124958038
-358461.40544760227203
-358463.34056079387665
-358465.2715767621994
-358467.1973625421524
-358469.11915254592896
-358471.03582537174225
-358472.94718587398529
-358474.8546644449234
-358476.75689041614532
-358478.65456986427307
-358480.5491110086441
-358482.43880188465118
-358484.32292366027832
-358486.20235979557037
-358488.07784628868103
-358489.95022702217102
-358491.81745564937592
-358493.68076074123383
-358495.5387157201767
-358497.39175426959991
-358499.24026358127594
-358501.08513402938843
-358502.92573082447052
-358504.76209461688995
-358506.59351778030396
-358508.42034304141998
-358510.24311470985413
-358512.06160759925842
-358513.87610232830048
-358515.68647170066833
-358517.49208879470825
-358519.29346477985382
-358521.09106659889221
-358522.88597393035889
-358524.67493462562561
-358526.45966958999634
-358528.24089932441711
-358530.01779532432556
-358531.78981447219849
-358533.5593341588974
-358535.32485496997833
-358537.08584082126617
-358538.84238362312317
-358540.59408390522003
-358542.34170997142792
-358544.08425188064575
-358545.82507753372192
-358547.56018793582916
-358549.29166805744171
-358551.01839911937714
-358552.74264633655548
-358554.46256375312805
-358556.17808616161346
-358557.88984251022339
-358559.59748518466949
-358561.30031156539917
-358562.99981427192688
-358564.69606697559357
-358566.38818979263306
-358568.07745945453644
-358569.76276767253876
-358571.44407212734222
-358573.11945486068726
-358574.79166865348816
-358576.46017527580261
-358578.12650585174561
-358579.7892302274704
-358581.44669675827026
-358583.10006022453308
-358584.74956727027893
-358586.39567494392395
-358588.03819942474365
-358589.6769357919693
-358591.31202626228333
-358592.94285905361176
-358594.5696280002594
-358596.19378840923309
-358597.81331312656403
-358599.42978310585022
-358601.04206228256226
-358602.65213871002197
-358604.25681567192078
-358605.85944020748138
-358607.45752584934235
-358609.05185580253601
-358610.64294719696045
-358612.23007845878601
-358613.81374287605286
-358615.39333534240723
-358616.96909499168396
-358618.54086911678314
-358620.11007905006409
-358621.67575597763062
-358623.23657464981079
-358624.79464519023895
-358626.34930145740509
-358627.90012526512146
-358629.44804918766022
-358630.99247741699219
-358632.53383564949036
-358634.07121598720551
-358635.60450530052185
-358637.13454806804657
-358638.66156840324402
-358640.18541491031647
-358641.70582866668701
-358643.22278392314911
-358644.73478782176971
-358646.24424982070923
-358647.75107061862946
-358649.25411581993103
-358650.75464248657227
-358652.25095200538635
-358653.74377071857452
-358655.23268795013428
-358656.71922051906586
-358658.20154595375061
-358659.68054413795471
-358661.15670835971832
-358662.62872123718262
-358664.09776556491852
-358665.56354105472565
-358667.02443206310272
-358668.48408555984497
-358669.94004952907562
-358671.39274287223816
-358672.84094846248627
-358674.28745639324188
-358675.73089993000031
-358677.17101156711578
-358678.60643649101257
-358680.03863728046417
-358681.46778583526611
-358682.89438784122467
-358684.31655251979828
-358685.737548828125
-358687.15284407138824
-358688.56557059288025
-358689.97593665122986
-358691.38311791419983
-358692.78666245937347
-358694.18764042854309
-358695.58472347259521
-358696.98053288459778
-358698.37171018123627
-358699.76104009151459
-358701.14682328701019
-358702.52909898757935
-358703.90710604190826
-358705.28351187705994
-358706.6565488576889
-358708.026780128479
-358709.3930846452713
-358710.755047082901
-358712.11501383781433
-358713.47234106063843
-358714.82639110088348
-358716.17731559276581
-358717.52373194694519
-358718.86807489395142
-358720.20991909503937
-358721.54814755916595
-358722.8832620382309
-358724.21570539474487
-358725.54521310329437
-358726.87249362468719
-358728.19477796554565
-358729.51408088207245
-358730.83235716819763
-358732.14643430709839
-358733.45808732509613
-358734.76630222797394
-358736.07192647457123
-358737.37320780754089
-358738.67217898368835
-358739.96837604045868
-358741.26168644428253
-358742.55314981937408
-358743.84132516384125
-358745.12574434280396
-358746.40752637386322
-358747.6862998008728
-358748.96202051639557
-358750.23533546924591
-358751.50681781768799
-358752.7737147808075
-358754.03683423995972
-358755.29731070995331
-358756.55646419525146
-358757.81229114532471
-358759.06521916389465
-358760.31602120399475
-358761.56215941905975
-358762.80568766593933
-358764.04696774482727
-358765.28567326068878
-358766.51999974250793
-358767.75265848636627
-358768.98313224315643
-358770.21050345897675
-358771.4354008436203
-358772.65696954727173
-358773.87494122982025
-358775.09041905403137
-358776.30385744571686
-358777.51276004314423
-358778.72043800354004
-358779.92476725578308
-358781.12579047679901
-358782.32513451576233
-358783.52025127410889
-358784.71310043334961
-358785.90320014953613
-358787.09111928939819
-358788.27514326572418
-358789.45696043968201
-358790.63530337810516
-358791.81175518035889
-358792.98517191410065
-358794.15600490570068
-358795.32389640808105
-358796.48984861373901
-358797.65247547626495
-358798.81274127960205
-358799.97008848190308
-358801.12502145767212
-358802.2761058807373
-358803.42405843734741
-358804.57113373279572
-358805.71381950378418
-358806.85428762435913
-358807.99278831481934
-358809.12920391559601
-358810.26320171356201
-358811.3936311006546
-358812.52126252651215
-358813.64704596996307
-358814.77031016349792
-358815.88854944705963
-358817.0031486749649
-358818.11687481403351
-358819.22818863391876
-358820.33573961257935
-358821.4410206079483
-358822.54500961303711
-358823.64607083797455
-358824.74411273002625
-358825.84036672115326
-358826.93381464481354
-358828.02418220043182
-358829.11084258556366
-358830.19548285007477
-358831.27785539627075
-358832.35827898979187
-358833.43579363822937
-358834.50939178466797
-358835.58093273639679
-358836.65024375915527
-358837.71619153022766
-358838.78107368946075
-358839.84337365627289
-358840.90266060829163
-358841.95945501327515
-358843.01337563991547
-358844.06389439105988
-358845.11286568641663
-358846.15812468528748
-358847.20272779464722
-358848.24288427829742
-358849.28167080879211
-358850.31651628017426
-358851.35015594959259
-358852.38071644306183
-358853.40857601165771
-358854.43453311920166
-358855.45882606506348
-358856.47901153564453
-358857.49699997901917
-358858.51171875
-358859.52505528926849
-358860.53570246696472
-358861.54371929168701
-358862.55020427703857
-358863.55442070960999
-358864.55631136894226
-358865.55312848091125
-358866.54752337932587
-358867.54059815406799
-358868.53097176551819
-358869.51851439476013
-358870.50575792789459
-358871.48908984661102
-358872.47002959251404
-358873.44872963428497
-358874.42545056343079
-358875.39852774143219
-358876.37195122241974
-358877.34077978134155
-358878.30643796920776
-358879.27019965648651
-358880.23118364810944
-358881.19017922878265
-358882.14684391021729
-358883.10188174247742
-358884.05299246311188
-358885.00237929821014
-358885.94914782047272
-358886.89456987380981
-358887.83617424964905
-358888.77521133422852
-358889.71169698238373
-358890.64558470249176
-358891.57792949676514
-358892.50828301906586
-358893.4337682723999
-358894.35891091823578
-358895.28126633167267
-358896.20279729366302
-358897.1216698884964
-358898.03825604915619
-358898.95162284374237
-358899.86055421829224
-358900.76647877693176
-358901.67319798469543
-358902.57779967784882
-358903.47969841957092
-358904.37735891342163
-358905.27278900146484
-358906.16548371315002
-358907.05628025531769
-358907.94479465484619
-358908.83217656612396
-358909.71886050701141
-358910.59994232654572
-358911.48097956180573
-358912.3587304353714
-358913.23441314697266
-358914.10746228694916
-358914.9785350561142
-358915.84726345539093
-358916.71302831172943
-358917.57585370540619
-358918.43687355518341
-358919.29743683338165
-358920.15359568595886
-358921.00925362110138
-358921.86104226112366
-358922.71046113967896
-358923.55848431587219
-358924.40343976020813
-358925.2461656332016
-358926.08664786815643
-358926.92510902881622
-358927.75957417488098
-358928.59337270259857
-358929.42570650577545
-358930.25210118293762
-358931.07813394069672
-358931.90224313735962
-358932.72443425655365
-358933.54227602481842
-358934.3600435256958
-358935.17458617687225
-358935.98727011680603
-358936.79849672317505
-358937.60763609409332
-358938.41470682621002
-358939.21789216995239
-358940.02044939994812
-358940.82043755054474
-358941.61727893352509
-358942.41071379184723
-358943.20328855514526
-358943.99577271938324
-358944.78222620487213
-358945.56695091724396
-358946.35127353668213
-358947.13233506679535
-358947.91119825839996
-358948.68746387958527
-358949.46169281005859
-358950.23444998264313
-358951.00206530094147
-358951.77104651927948
-358952.53591728210449
-358953.29810738563538
-358954.05889439582825
-358954.81622004508972
-358955.57164251804352
-358956.324422955513
-358957.07492113113403
-358957.82461786270142
-358958.57335197925568
-358959.31712687015533
-358960.05926215648651
-358960.801602602005
-358961.53880941867828
-358962.27445995807648
-358963.00856184959412
-358963.74053335189819
-358964.46860575675964
-358965.19351720809937
-358965.9185802936554
-358966.64046227931976
-358967.36152482032776
-358968.07844197750092
-358968.79375660419464
-358969.50763893127441
-358970.2188766002655
-358970.92791056632996
-358971.63550853729248
-358972.34070861339569
-358973.04312455654144
-358973.74440896511078
-358974.44425106048584
-358975.14020824432373
-358975.83537900447845
-358976.5272341966629
-358977.21577680110931
-358977.90427494049072
-358978.58972656726837
-358979.27343773841858
-358979.95539462566376
-358980.63281202316284
-358981.31032001972198
-358981.98625242710114
-358982.65792119503021
-358983.3269464969635
-358983.99594438076019
-358984.66032946109772
-358985.32474780082703
-358985.98641061782837
-358986.64353048801422
-358987.29993665218353
-358987.95470118522644
-358988.60799849033356
-358989.25904095172882
-358989.9055095911026
-358990.55183351039886
-358991.1968080997467
-358991.83825159072876
-358992.47767519950867
-358993.11601614952087
-358993.75328230857849
-358994.3860936164856
-358995.01637864112854
-358995.64591538906097
-358996.27354764938354
-358996.89892446994781
-358997.52090513706207
-358998.14268803596497
-358998.76159584522247
-358999.37886095046997
-358999.99256789684296
-359000.60495495796204
-359001.21735894680023
-359001.8258364200592
-359002.43051636219025
-359003.03552544116974
-359003.63784742355347
-359004.23894286155701
-359004.83584880828857
-359005.42991018295288
-359006.02238595485687
-359006.61431479454041
-359007.20452296733856
-359007.79104447364807
-359008.37473273277283
-359008.9564493894577
-359009.53791415691376
-359010.11600863933563
-359010.69133543968201
-359011.2658976316452
-359011.83604514598846
-359012.40338087081909
-359012.97217929363251
-359013.53923070430756
-359014.10144424438477
-359014.66316092014313
-359015.22148871421814
-359015.77884614467621
-359016.33407330513
-359016.88558876514435
-359017.43500828742981
-359017.98369383811951
-359018.52924227714539
-359019.07440364360809
-359019.6166957616806
-359020.15591526031494
-359020.69678390026093
-359021.23312950134277
-359021.7656831741333
-359022.29694771766663
-359022.82629978656769
-359023.35478234291077
-359023.87752628326416
-359024.40051317214966
-359024.92261445522308
-359025.4407457113266
-359025.95795655250549
-359026.47279620170593
-359026.9839004278183
-359027.49482393264771
-359028.00064420700073
-359028.50847804546356
-359029.01193940639496
-359029.51391780376434
-359030.01396548748016
-359030.51224386692047
-359031.00934791564941
-359031.50428438186646
-359031.99846577644348
-359032.49027049541473
-359032.97912931442261
-359033.46427989006042
-359033.94763779640198
-359034.42893433570862
-359034.90668284893036
-359035.38505184650421
-359035.86144125461578
-359036.3342000246048
-359036.80535066127777
-359037.27488255500793
-359037.74109244346619
-359038.20612335205078
-359038.66876792907715
-359039.12831127643585
-359039.58740961551666
-359040.04445421695709
-359040.49979960918427
-359040.95263600349426
-359041.40429592132568
-359041.85203266143799
-359042.2970883846283
-359042.74246072769165
-359043.18366861343384
-359043.6240142583847
-359044.05995142459869
-359044.49571645259857
-359044.92991471290588
-359045.36169815063477
-359045.79215812683105
-359046.22078728675842
-359046.6461626291275
-359047.07078289985657
-359047.49409484863281
-359047.91215980052948
-359048.33057403564453
-359048.74642693996429
-359049.15785801410675
-359049.56611227989197
-359049.97519052028656
-359050.3816374540329
-359050.78656184673309
-359051.19051468372345
-359051.58998394012451
-359051.98801064491272
-359052.38535344600677
-359052.7772479057312
-359053.16863429546356
-359053.55728268623352
-359053.94361066818237
-359054.32739579677582
-359054.70986199378967
-359055.09152460098267
-359055.46901404857635
-359055.84605324268341
-359056.2214560508728
-359056.59391343593597
-359056.96852421760559
-359057.3371524810791
-359057.7033177614212
-359058.06760382652283
-359058.43275856971741
-359058.79730463027954
-359059.1578483581543
-359059.51597344875336
-359059.87090444564819
-359060.22303867340088
-359060.57308053970337
-359060.92148351669312
-359061.26808786392212
-359061.61384916305542
-359061.95705652236938
-359062.29850316047668
-359062.63765895366669
-359062.97348666191101
-359063.30699372291565
-359063.63971960544586
-359063.96890354156494
-359064.29792177677155
-359064.62426626682281
-359064.94923257827759
-359065.27018678188324
-359065.59078168869019
-359065.90962171554565
-359066.22728967666626
-359066.54093170166016
-359066.85245752334595
-359067.16157531738281
-359067.46981072425842
-359067.7740421295166
-359068.08001530170441
-359068.38325202465057
-359068.68285381793976
-359068.98003590106964
-359069.27581346035004
-359069.56787598133087
-359069.85923850536346
-359070.14999437332153
-359070.43832731246948
-359070.72307407855988
-359071.00939726829529
-359071.29073238372803
-359071.57075011730194
-359071.84658420085907
-359072.12121295928955
-359072.39340591430664
-359072.66353261470795
-359072.93468654155731
-359073.20084547996521
-359073.4663702249527
-359073.72899484634399
-359073.99041044712067
-359074.2503559589386
-359074.50712311267853
-359074.76135468482971
-359075.01488149166107
-359075.26578116416931
-359075.51424789428711
-359075.76079833507538
-359076.00326716899872
-359076.24427950382233
-359076.48238003253937
-359076.72106742858887
-359076.95836627483368
-359077.18953430652618
-359077.42024183273315
-359077.65200853347778
-359077.88019967079163
-359078.10526299476624
-359078.3295042514801
-359078.55124199390411
-359078.76849699020386
-359078.98524105548859
-359079.20168125629425
-359079.4138435125351
-359079.62524282932281
-359079.8346985578537
-359080.04139447212219
-359080.24718105792999
-359080.45159888267517
-359080.65332293510437
-359080.85230886936188
-359081.05023264884949
-359081.24438071250916
-359081.43656742572784
-359081.62675786018372
-359081.81534194946289
-359082.00309896469116
-359082.18736839294434
-359082.37056612968445
-359082.55079245567322
-359082.7283638715744
-359082.90514445304871
-359083.0773868560791
-359083.250159740448
-359083.42033863067627
-359083.58723127841949
-359083.75203824043274
-359083.91681897640228
-359084.07645356655121
-359084.2355101108551
-359084.39091551303864
-359084.54274237155914
-359084.69551360607147
-359084.84684264659882
-359084.99510979652405
-359085.1407665014267
-359085.28516185283661
-359085.42828452587128
-359085.56861662864685
-359085.70684826374054
-359085.84570288658142
-359085.97831475734711
-359086.11140334606171
-359086.23967838287354
-359086.36732387542725
-359086.49461889266968
-359086.61710286140442
-359086.73784422874451
-359086.85917508602142
-359086.97526335716248
-359087.08823573589325
-359087.20255887508392
-359087.31394112110138
-359087.42222130298615
-359087.53074789047241
-359087.63737821578979
-359087.74095642566681
-359087.84082567691803
-359087.93964910507202
-359088.03525686264038
-359088.1310613155365
-359088.22282779216766
-359088.31419157981873
-359088.40283620357513
-359088.48619139194489
-359088.57152771949768
-359088.65445816516876
-359088.73348796367645
-359088.81122207641602
-359088.88672399520874
-359088.95994865894318
-359089.03239214420319
-359089.10190892219543
-359089.16961717605591
-359089.23467111587524
-359089.2981972694397
-359089.35910308361053
-359089.41774117946625
-359089.47474110126495
-359089.53179109096527
-359089.58270180225372
-359089.63409042358398
-359089.68322563171387
-359089.73171484470367
-359089.77568328380585
-359089.81950509548187
-359089.86105036735535
-359089.89835155010223
-359089.93319582939148
-359089.96800720691681
-359089.99943864345551
-359090.02949857711792
-359090.056520819664
-359090.08167254924774
-359090.10316157341003
-359090.12205410003662
-359090.13893818855286
-359090.15727424621582
-359090.17204201221466
-359090.1838344335556
-359090.196373462677
-359090.20310473442078
-359090.20987558364868
-359090.20943033695221
-359090.20870339870453
-359090.20589768886566
-359090.20353031158447
-359090.19780969619751
-359090.19103252887726
-359090.18197894096375
-359090.16955101490021
-359090.1545273065567
-359090.14049100875854
-359090.12050557136536
-359090.10159265995026
-359090.07824635505676
-359090.05520749092102
-359090.03000891208649
-359089.99862599372864
-359089.96594071388245
-359089.93327176570892
-359089.89762783050537
-359089.85932958126068
-359089.81902503967285
-359089.77845525741577
-359089.734339594841
-359089.68922507762909
-359089.63923263549805
-359089.58672773838043
-359089.53082406520844
-359089.47312211990356
-359089.41526639461517
-359089.35739052295685
-359089.29551410675049
-359089.2301914691925
-359089.16538298130035
-359089.09916687011719
-359089.02796864509583
-359088.95448160171509
-359088.87764060497284
-359088.80200338363647
-359088.72140693664551
-359088.63636445999146
-359088.55273103713989
-359088.4633823633194
-359088.37486004829407
-359088.28294241428375
-359088.18964350223541
-359088.09601414203644
-359087.99758303165436
-359087.89934480190277
-359087.80003094673157
-359087.69763731956482
-359087.59315538406372
-359087.48359680175781
-359087.37318158149719
-359087.26078581809998
-359087.14594197273254
-359087.02993321418762
-359086.91230881214142
-359086.79001438617706
-359086.66452586650848
-359086.53829753398895
-359086.4122017621994
-359086.28293061256409
-359086.15039908885956
-359086.01633656024933
-359085.88036799430847
-359085.74275743961334
-359085.60093104839325
-359085.45630609989166
-359085.30948567390442
-359085.16302275657654
-359085.01496338844299
-359084.86343681812286
-359084.70767259597778
-359084.54947984218597
-359084.38938331604004
-359084.22716760635376
-359084.06007897853851
-359083.89458310604095
-359083.72566533088684
-359083.55493605136871
-359083.384361743927
-359083.20901453495026
-359083.03499209880829
-359082.85084664821625
-359082.67133116722107
-359082.48550271987915
-359082.29947400093079
-359082.11256039142609
-359081.9220575094223
-359081.72981834411621
-359081.53621459007263
-359081.33644640445709
-359081.13675117492676
-359080.93544161319733
-359080.73349332809448
-359080.52455687522888
-359080.31370234489441
-359080.10251247882843
-359079.89057517051697
-359079.67651844024658
-359079.45660722255707
-359079.23711144924164
-359079.01398718357086
-359078.78827929496765
-359078.56107819080353
-359078.3318098783493
-359078.09754645824432
-359077.86466753482819
-359077.62546634674072
-359077.38563251495361
-359077.14653980731964
-359076.90232872962952
-359076.65706932544708
-359076.40783512592316
-359076.15748202800751
-359075.90251243114471
-359075.64470314979553
-359075.3887140750885
-359075.13246715068817
-359074.87176179885864
-359074.60762202739716
-359074.33697926998138
-359074.0692948102951
-359073.80062329769135
-359073.52573132514954
-359073.24718523025513
-359072.96945869922638
-359072.68767833709717
-359072.40388751029968
-359072.11756944656372
-359071.82618606090546
-359071.53655195236206
-359071.24356770515442
-359070.94556903839111
-359070.64637291431427
-359070.34657168388367
-359070.04252314567566
-359069.73352611064911
-359069.42643618583679
-359069.11497831344604
-359068.80291044712067
-359068.48820471763611
-359068.17400884628296
-359067.85165369510651
-359067.527348279953
-359067.20352137088776
-359066.87643587589264
-359066.54541969299316
-359066.21490013599396
-359065.88055551052094
-359065.54010283946991
-359065.20012760162354
-359064.85528218746185
-359064.51228415966034
-359064.16754245758057
-359063.82090198993683
-359063.47103178501129
-359063.11658346652985
-359062.76260149478912
-359062.40498995780945
-359062.04644906520844
-359061.68263292312622
-359061.31499671936035
-359060.94812273979187
-359060.57707190513611
-359060.20348942279816
-359059.82720148563385
-359059.4506858587265
-359059.0719690322876
-359058.68928229808807
-359058.30540251731873
-359057.92009818553925
-359057.52873063087463
-359057.13778257369995
-359056.74339830875397
-359056.34697008132935
-359055.94552397727966
-359055.54525744915009
-359055.14028477668762
-359054.73133766651154
-359054.32456302642822
-359053.91320145130157
-359053.49881947040558
-359053.08190262317657
-359052.66485381126404
-359052.24138236045837
-359051.81628477573395
-359051.39000988006592
-359050.96081495285034
-359050.52976775169373
-359050.09488606452942
-359049.65909397602081
-359049.21870827674866
-359048.77553987503052
-359048.33104360103607
-359047.88618016242981
-359047.43717467784882
-359046.98676538467407
-359046.5387065410614
-359046.07981824874878
-359045.61925411224365
-359045.15900325775146
-359044.69270372390747
-359044.22581326961517
-359043.75699019432068
-359043.283371925354
-359042.81082487106323
-359042.33505892753601
-359041.85642325878143
-359041.3742401599884
-359040.88927972316742
-359040.40149927139282
-359039.915154337883
-359039.42351937294006
-359038.92934370040894
-359038.43411505222321
-359037.93459272384644
-359037.4313108921051
-359036.92756938934326
-359036.42035841941833
-359035.90787160396576
-359035.39752042293549
-359034.8852059841156
-359034.36736154556274
-359033.84659314155579
-359033.32549130916595
-359032.79710519313812
-359032.2690224647522
-359031.73379611968994
-359031.20253252983093
-359030.66825079917908
-359030.13079059123993
-359029.5889014005661
-359029.04176986217499
-359028.4942684173584
-359027.94325721263885
-359027.39381873607635
-359026.83945333957672
-359026.28346228599548
-359025.72112560272217
-359025.15864086151123
-359024.591437458992
-359024.02765989303589
-359023.45912718772888
-359022.88891398906708
-359022.31247997283936
-359021.73414897918701
-359021.15298879146576
-359020.57088494300842
-359019.98204147815704
-359019.39641165733337
-359018.80548334121704
-359018.21279060840607
-359017.61714005470276
-359017.02081370353699
-359016.42053163051605
-359015.81441867351532
-359015.20787930488586
-359014.60206210613251
-359013.99363768100739
-359013.37846338748932
-359012.76231122016907
-359012.14036333560944
-359011.51722073554993
-359010.89352118968964
-359010.26742959022522
-359009.63629794120789
-359009.00507354736328
-359008.37170076370239
-359007.73189282417297
-359007.08452808856964
-359006.44137442111969
-359005.79423308372498
-359005.14189827442169
-359004.48767495155334
-359003.83133411407471
-359003.17745816707611
-359002.51618611812592
-359001.85574996471405
-359001.18985903263092
-359000.51668512821198
-358999.84837758541107
-358999.17405247688293
-358998.49596560001373
-358997.81219613552094
-358997.13203752040863
-358996.44631934165955
-358995.75865972042084
-358995.06876122951508
-358994.37403750419617
-358993.68206644058228
-358992.98751521110535
-358992.28880107402802
-358991.583491563797
-358990.87380683422089
-358990.16321134567261
-358989.45562529563904
-358988.74098229408264
-358988.02513003349304
-358987.30680537223816
-358986.5864725112915
-358985.86152291297913
-358985.13247346878052
-358984.40123307704926
-358983.67258369922638
-358982.93621408939362
-358982.2020435333252
-358981.46241343021393
-358980.71764945983887
-358979.96799516677856
-358979.21928203105927
-358978.4654369354248
-358977.71300852298737
-358976.95148515701294
-358976.18827426433563
-358975.42440509796143
-358974.65805518627167
-358973.89253962039948
-358973.12131345272064
-358972.34664916992188
-358971.571533203125
-358970.78637778759003
-358970.00215625762939
-358969.2150274515152
-358968.4289391040802
-358967.63682174682617
-358966.83856511116028
-358966.04275476932526
-358965.24145638942719
-358964.43981957435608
-358963.63660371303558
-358962.83494424819946
-358962.02587473392487
-358961.21511721611023
-358960.39840507507324
-358959.57861077785492
-358958.75932335853577
-358957.93696558475494
-358957.11046779155731
-358956.27832055091858
-358955.44709932804108
-358954.61134743690491
-358953.779221534729
-358952.93579423427582
-358952.0935572385788
-358951.25181543827057
-358950.40246939659119
-358949.55330169200897
-358948.70230221748352
-358947.84394967556
-358946.98175740242004
-358946.12028515338898
-358945.25520443916321
-358944.38754391670227
-358943.51866567134857
-358942.65181612968445
-358941.77852642536163
-358940.90332937240601
-358940.02680349349976
-358939.14383924007416
-358938.26252675056458
-358937.37944996356964
-358936.49087536334991
-358935.60254240036011
-358934.71046030521393
-358933.81563663482666
-358932.91880261898041
-358932.01712620258331
-358931.1139349937439
-358930.21001827716827
-358929.29925715923309
-358928.38592624664307
-358927.46915650367737
-358926.55295705795288
-358925.62889885902405
-358924.70361220836639
-358923.77954590320587
-358922.85104286670685
-358921.9208790063858
-358920.98782110214233
-358920.05165719985962
-358919.1114627122879
-358918.16788876056671
-358917.22298502922058
-358916.26997983455658
-358915.32188427448273
-358914.36608827114105
-358913.40805494785309
-358912.44419729709625
-358911.47670996189117
-358910.50625312328339
-358909.53162741661072
-358908.55971539020538
-358907.58162987232208
-358906.60265791416168
-358905.62133586406708
-358904.63870072364807
-358903.64864349365234
-358902.6601425409317
-358901.66239261627197
-358900.66587662696838
-358899.66770899295807
-358898.66758632659912
-358897.66396427154541
-358896.65476894378662
-358895.6434850692749
-358894.62719666957855
-358893.61018693447113
-358892.58926260471344
-358891.57078850269318
-358890.54641509056091
-358889.52050316333771
-358888.48462271690369
-358887.44685864448547
-358886.40948891639709
-358885.37247455120087
-358884.32820999622345
-358883.28481090068817
-358882.22821664810181
-358881.1837203502655
-358880.13535249233246
-358879.07346761226654
-358878.01348781585693
-358876.95012998580933
-358875.88149631023407
-358874.80794966220856
-358873.7310733795166
-358872.65550661087036
-358871.56675577163696
-358870.48550403118134
-358869.39766585826874
-358868.30597972869873
-358867.21210277080536
-358866.11638510227203
-358865.0154173374176
-358863.90767955780029
-358862.79746198654175
-358861.68587231636047
-358860.57407379150391
-358859.45423364639282
-358858.33123588562012
-358857.20314288139343
-358856.07624876499176
-358854.94243121147156
-358853.81386590003967
-358852.67452597618103
-358851.52819013595581
-358850.37811732292175
-358849.23653995990753
-358848.08318090438843
-358846.924480676651
-358845.76889932155609
-358844.60458076000214
-358843.43194901943207
-358842.25852453708649
-358841.07847094535828
-358839.89753270149231
-358838.71460175514221
-358837.53586030006409
-358836.34488749504089
-358835.1490603685379
-358833.95339417457581
-358832.75010585784912
-358831.54817080497742
-358830.33367991447449
-358829.12575769424438
-358827.9075962305069
-358826.6908860206604
-358825.46464157104492
-358824.24236977100372
-358823.01229667663574
-358821.7763934135437
-358820.53595101833344
-358819.28669428825378
-358818.04314756393433
-358816.79296255111694
-358815.5373957157135
-358814.27710449695587
-358813.01163065433502
-358811.74817454814911
-358810.47822713851929
-358809.19739902019501
-358807.91873288154602
-358806.63898313045502
-358805.35209286212921
-358804.05977606773376
-358802.7654618024826
-358801.46401047706604
-358800.16078150272369
-358798.85722637176514
-358797.54426717758179
-358796.22830331325531
-358794.90122389793396
-358793.57096529006958
-358792.239506483078
-358790.90514171123505
-358789.57035732269287
-358788.22545194625854
-358786.87636137008667
-358785.52052044868469
-358784.16530966758728
-358782.80600202083588
-358781.43845915794373
-358780.07129764556885
-358778.69695198535919
-358777.31954431533813
-358775.93823778629303
-358774.55401492118835
-358773.16082966327667
-358771.76482570171356
-358770.36369180679321
-358768.95583248138428
-358767.54250681400299
-358766.13137567043304
-358764.70931208133698
-358763.28495311737061
-358761.85515165328979
-358760.42555165290833
-358758.99205803871155
-358757.55348229408264
-358756.10543715953827
-358754.65662848949432
-358753.20201230049133
-358751.74795663356781
-358750.27918303012848
-358748.81567025184631
-358747.34197425842285
-358745.86490440368652
-358744.37779104709625
-358742.887451171875
-358741.39778161048889
-358739.90239131450653
-358738.39951539039612
-358736.89174377918243
-358735.37432754039764
-358733.86360490322113
-358732.34156155586243
-358730.81213700771332
-358729.28029692173004
-358727.74409973621368
-358726.19589793682098
-358724.65264129638672
-358723.10067892074585
-358721.53685307502747
-358719.97115921974182
-358718.39993369579315
-358716.82699024677277
-358715.24786412715912
-358713.66520762443542
-358712.06499671936035
-358710.4696387052536
-358708.86600136756897
-358707.25599658489227
-358705.64126622676849
-358704.02342581748962
-358702.39603078365326
-358700.77157282829285
-358699.13125348091125
-358697.48981475830078
-358695.8518373966217
-358694.20440423488617
-358692.53686380386353
-358690.88591980934143
-358689.21956837177277
-358687.54457700252533
-358685.8651237487793
-358684.18706595897675
-358682.50086796283722
-358680.81389558315277
-358679.12288880348206
-358677.41812896728516
-358675.71626150608063
-358674.00376081466675
-358672.287846326828
-358670.55683028697968
-358668.82411432266235
-358667.0907655954361
-358665.35136151313782
-358663.60623323917389
-358661.85421586036682
-358660.09675407409668
-358658.33370590209961
-358656.55093324184418
-358654.77261507511139
-358652.99619936943054
-358651.20976769924164
-358649.419717669487
-358647.62506210803986
-358645.82633769512177
-358644.00556123256683
-358642.18914484977722
-358640.36866867542267
-358638.53994250297546
-358636.71791398525238
-358634.87532722949982
-358633.03142833709717
-358631.17173480987549
-358629.31288087368011
-358627.44639253616333
-358625.58086895942688
-358623.69893658161163
-358621.80105996131897
-358619.90210545063019
-358618.00790250301361
-358616.10185766220093
-358614.18638288974762
-358612.26570284366608
-358610.33893764019012
-358608.40387201309204
-358606.46478736400604
-358604.5234786272049
-358602.56891262531281
-358600.61543834209442
-358598.65196144580841
-358596.67714846134186
-358594.7009379863739
-358592.71507966518402
-358590.71735382080078
-358588.72610330581665
-358586.73213040828705
-358584.73110866546631
-358582.72649240493774
-358580.7043753862381
-358578.66775405406952
-358576.62991678714752
-358574.58785355091095
-358572.53856718540192
-358570.48750782012939
-358568.42457807064056
-358566.35918772220612
-358564.2828106880188
-358562.21047520637512
-358560.11536157131195
-358558.01427817344666
-358555.91309750080109
-358553.80545032024384
-358551.68887913227081
-358549.56448447704315
-358547.4311112165451
-358545.28432786464691
-358543.14280426502228
-358540.98645508289337
-358538.81792902946472
-358536.64038395881653
-358534.46011829376221
-358532.27568447589874
-358530.08795595169067
