-355454.22949469089508
-355462.57284331321716
-355469.53703224658966
-355476.06657004356384
-355482.29330849647522
-355488.29476523399353
-355494.11389136314392
-355499.77685725688934
-355505.30339443683624
-355510.70975625514984
-355516.00899839401245
-355521.21127223968506
-355526.32482182979584
-355531.35645031929016
-355536.31182324886322
-355541.19627499580383
-355546.01434051990509
-355550.76941454410553
-355555.4657256603241
-355560.10667419433594
-355564.69493114948273
-355569.23197138309479
-355573.72071945667267
-355578.16389727592468
-355582.56289756298065
-355586.91871285438538
-355591.23364067077637
-355595.50922131538391
-355599.74669635295868
-355603.94724607467651
-355608.11154091358185
-355612.24132692813873
-355616.33765959739685
-355620.40135407447815
-355624.43306922912598
-355628.4349182844162
-355632.40647947788239
-355636.34925293922424
-355640.26350712776184
-355644.14956223964691
-355648.0085631608963
-355651.84115266799927
-355655.64786696434021
-355659.42964386940002
-355663.18635845184326
-355666.91884398460388
-355670.62763047218323
-355674.31334793567657
-355677.97653794288635
-355681.61800861358643
-355685.23650276660919
-355688.8333648443222
-355692.40935027599335
-355695.96436262130737
-355699.49843752384186
-355703.01227188110352
-355706.50684130191803
-355709.98143494129181
-355713.43643450737
-355716.87286376953125
-355720.29124236106873
-355723.69158041477203
-355727.07375121116638
-355730.4382917881012
-355733.78507113456726
-355737.11418807506561
-355740.42663300037384
-355743.72241985797882
-355747.00128996372223
-355750.26337110996246
-355753.50950801372528
-355756.73955535888672
-355759.95438539981842
-355763.15302872657776
-355766.33633685112
-355769.50481700897217
-355772.65811419487
-355775.79706835746765
-355778.92140412330627
-355782.03178179264069
-355785.12723898887634
-355788.20835983753204
-355791.27437996864319
-355794.32703983783722
-355797.36611652374268
-355800.39242434501648
-355803.40476024150848
-355806.40303611755371
-355809.38846027851105
-355812.3605090379715
-355815.31966316699982
-355818.26606357097626
-355821.20059823989868
-355824.12186193466187
-355827.03104567527771
-355829.92812657356262
-355832.81321334838867
-355835.68561136722565
-355838.54627192020416
-355841.39447474479675
-355844.23140203952789
-355847.05710971355438
-355849.86925005912781
-355852.67037439346313
-355855.45997703075409
-355858.23824107646942
-355861.00644886493683
-355863.76345229148865
-355866.50879311561584
-355869.24285769462585
-355871.96584641933441
-355874.67902398109436
-355877.38190913200378
-355880.07274663448334
-355882.75301158428192
-355885.42237496376038
-355888.08213710784912
-355890.73215138912201
-355893.37106215953827
-355895.99967408180237
-355898.61845171451569
-355901.22716224193573
-355903.82559907436371
-355906.41425275802612
-355908.99309825897217
-355911.56193041801453
-355914.1209089756012
-355916.67168188095093
-355919.21158373355865
-355921.7426096200943
-355924.26406395435333
-355926.77622425556183
-355929.27900123596191
-355931.77210664749146
-355934.25582838058472
-355936.73098862171173
-355939.19747531414032
-355941.65421807765961
-355944.10256552696228
-355946.54130733013153
-355948.97042596340179
-355951.39059770107269
-355953.80239629745483
-355956.20663857460022
-355958.60169076919556
-355960.98811686038971
-355963.36511409282684
-355965.73350846767426
-355968.09369766712189
-355970.44599032402039
-355972.78845369815826
-355975.12314140796661
-355977.45079922676086
-355979.76952528953552
-355982.07911515235901
-355984.38074159622192
-355986.67415642738342
-355988.95968675613403
-355991.23636829853058
-355993.50601315498352
-355995.76729595661163
-355998.02160143852234
-356000.26681923866272
-356002.50450706481934
-356004.73385989665985
-356006.95585417747498
-356009.17051339149475
-356011.37634539604187
-356013.5749306678772
-356015.76546084880829
-356017.94918835163116
-356020.1241682767868
-356022.29109692573547
-356024.45111429691315
-356026.60389459133148
-356028.7497011423111
-356030.88850438594818
-356033.01977598667145
-356035.14395546913147
-356037.25967538356781
-356039.36820352077484
-356041.47051692008972
-356043.56506419181824
-356045.65276062488556
-356047.73255693912506
-356049.80423259735107
-356051.87006068229675
-356053.92851674556732
-356055.97974634170532
-356058.02406561374664
-356060.060795545578
-356062.09051668643951
-356064.11490392684937
-356066.13196229934692
-356068.14179170131683
-356070.14496672153473
-356072.14167070388794
-356074.13211989402771
-356076.11498212814331
-356078.09025144577026
-356080.05910849571228
-356082.02156591415405
-356083.97767210006714
-356085.92735397815704
-356087.87053394317627
-356089.80742728710175
-356091.73717355728149
-356093.66078722476959
-356095.5767365694046
-356097.48670041561127
-356099.39005470275879
-356101.28706157207489
-356103.17841458320618
-356105.06282436847687
-356106.94109749794006
-356108.81255626678467
-356110.67810070514679
-356112.53737223148346
-356114.38972520828247
-356116.235635638237
-356118.07530105113983
-356119.90939092636108
-356121.7377587556839
-356123.55945205688477
-356125.37441468238831
-356127.18320262432098
-356128.98642373085022
-356130.78296935558319
-356132.57342100143433
-356134.35751533508301
-356136.13586032390594
-356137.90849363803864
-356139.67446208000183
-356141.43448626995087
-356143.18873727321625
-356144.93744707107544
-356146.67925131320953
-356148.41653001308441
-356150.14819192886353
-356151.87244617938995
-356153.59229922294617
-356155.30657875537872
-356157.01484251022339
-356158.71715486049652
-356160.41427397727966
-356162.10478663444519
-356163.79011714458466
-356165.46906781196594
-356167.14236164093018
-356168.81064546108246
-356170.47227370738983
-356172.12869966030121
-356173.77950346469879
-356175.42532908916473
-356177.06555712223053
-356178.70000827312469
-356180.3283075094223
-356181.9508364200592
-356183.56728386878967
-356185.17871832847595
-356186.78520393371582
-356188.38642394542694
-356189.9816802740097
-356191.57019937038422
-356193.15489888191223
-356194.73394703865051
-356196.30873310565948
-356197.87687540054321
-356199.43896377086639
-356200.99662303924561
-356202.54871475696564
-356204.09436571598053
-356205.63610363006592
-356207.17335510253906
-356208.7036749124527
-356210.22795295715332
-356211.74929523468018
-356213.26316952705383
-356214.77235674858093
-356216.27728271484375
-356217.7762006521225
-356219.27114522457123
-356220.76179587841034
-356222.24554657936096
-356223.72286772727966
-356225.19542908668518
-356226.66395795345306
-356228.12753796577454
-356229.5866014957428
-356231.04065549373627
-356232.48829209804535
-356233.93083250522614
-356235.36928761005402
-356236.80193841457367
-356238.23007953166962
-356239.65198647975922
-356241.07019138336182
-356242.48291635513306
-356243.89106392860413
-356245.2935174703598
-356246.69196319580078
-356248.0866414308548
-356249.47524785995483
-356250.85767638683319
-356252.23582696914673
-356253.60997247695923
-356254.9785567522049
-356256.34191811084747
-356257.7017674446106
-356259.05740427970886
-356260.40847432613373
-356261.75256931781769
-356263.09185886383057
-356264.4269767999649
-356265.7558845281601
-356267.08121144771576
-356268.40099596977234
-356269.71687579154968
-356271.02779984474182
-356272.33322846889496
-356273.63319408893585
-356274.93044137954712
-356276.22371447086334
-356277.51150119304657
-356278.79450035095215
-356280.07319533824921
-356281.34838974475861
-356282.61790883541107
-356283.88267946243286
-356285.14262330532074
-356286.39678311347961
-356287.64858245849609
-356288.8942312002182
-356290.13508987426758
-356291.37310183048248
-356292.60632276535034
-356293.83478808403015
-356295.05810129642487
-356296.27663767337799
-356297.49058866500854
-356298.69984722137451
-356299.90410101413727
-356301.1043701171875
-356302.29962635040283
-356303.49166440963745
-356304.67876327037811
-356305.86032140254974
-356307.03856158256531
-356308.21226942539215
-356309.38165056705475
-356310.54612815380096
-356311.7062429189682
-356312.86201298236847
-356314.01379525661469
-356315.16199886798859
-356316.30443298816681
-356317.44313132762909
-356318.57774543762207
-356319.70711135864258
-356320.83241903781891
-356321.95374417304993
-356323.07059395313263
-356324.18200469017029
-356325.29017770290375
-356326.39436101913452
-356327.49510526657104
-356328.59033262729645
-356329.68275284767151
-356330.76963603496552
-356331.85311079025269
-356332.93268358707428
-356334.00752890110016
-356335.07842290401459
-356336.1441730260849
-356337.20638978481293
-356338.26326632499695
-356339.31670200824738
-356340.36619198322296
-356341.41163003444672
-356342.45350003242493
-356343.49071216583252
-356344.52236449718475
-356345.55080997943878
-356346.57495296001434
-356347.59536004066467
-356348.61317443847656
-356349.62604081630707
-356350.6341814994812
-356351.63943457603455
-356352.63951599597931
-356353.63486540317535
-356354.62598037719727
-356355.61312139034271
-356356.59788191318512
-356357.57809960842133
-356358.55428564548492
-356359.5276905298233
-356360.49477744102478
-356361.45734143257141
-356362.41665410995483
-356363.3712545633316
-356364.32232427597046
-356365.26981747150421
-356366.21284532546997
-356367.15135025978088
-356368.08712673187256
-356369.01902008056641
-356369.946732878685
-356370.87021899223328
-356371.79033470153809
-356372.70544719696045
-356373.61855757236481
-356374.52657914161682
-356375.43081939220428
-356376.330939412117
-356377.22688066959381
-356378.11851620674133
-356379.00692975521088
-356379.89191114902496
-356380.77257692813873
-356381.64963793754578
-356382.52351319789886
-356383.39333605766296
-356384.25835251808167
-356385.11952829360962
-356385.97756540775299
-356386.83207428455353
-356387.68305373191833
-356388.52970910072327
-356389.37144124507904
-356390.21096253395081
-356391.04464566707611
-356391.87563633918762
-356392.7032253742218
-356393.5262143611908
-356394.34475636482239
-356395.16169786453247
-356395.97252893447876
-356396.78096234798431
-356397.584587931633
-356398.38545167446136
-356399.18393695354462
-356399.97576296329498
-356400.76591980457306
-356401.55273234844208
-356402.33552813529968
-356403.11458826065063
-356403.88982081413269
-356404.66037726402283
-356405.42817795276642
-356406.19255781173706
-356406.95217907428741
-356407.71019339561462
-356408.46319460868835
-356409.21316730976105
-356409.95909261703491
-356410.70284199714661
-356411.44212353229523
-356412.17777860164642
-356412.90705645084381
-356413.6345419883728
-356414.35929203033447
-356415.07932734489441
-356415.79619324207306
-356416.51023495197296
-356417.22169303894043
-356417.9281188249588
-356418.63095581531525
-356419.32930338382721
-356420.02651154994965
-356420.71787452697754
-356421.40477323532104
-356422.08903074264526
-356422.77157092094421
-356423.44947004318237
-356424.12317109107971
-356424.79264760017395
-356425.460524559021
-356426.12422394752502
-356426.78308737277985
-356427.44079673290253
-356428.09318125247955
-356428.74223971366882
-356429.39040279388428
-356430.03296482563019
-356430.67243874073029
-356431.30708062648773
-356431.94015073776245
-356432.56917035579681
-356433.19455218315125
-356433.81632006168365
-356434.43206858634949
-356435.04816699028015
-356435.65975868701935
-356436.26767778396606
-356436.87230861186981
-356437.47260439395905
-356438.0706387758255
-356438.66472995281219
-356439.25605237483978
-356439.8421882390976
-356440.425856590271
-356441.00609230995178
-356441.58400976657867
-356442.15733027458191
-356442.72768712043762
-356443.2962988615036
-356443.86003947257996
-356444.41975522041321
-356444.975501537323
-356445.53139638900757
-356446.08200788497925
-356446.62819194793701
-356447.1731368303299
-356447.71431767940521
-356448.25165820121765
-356448.78448557853699
-356449.3130818605423
-356449.84026479721069
-356450.36400413513184
-356450.88410115242004
-356451.40126490592957
-356451.91389012336731
-356452.42300117015839
-356452.92986333370209
-356453.43525898456573
-356453.93621349334717
-356454.4336793422699
-356454.92807006835938
-356455.41815054416656
-356455.90612161159515
-356456.38978397846222
-356456.87060809135437
-356457.34885108470917
-356457.82283496856689
-356458.29377174377441
-356458.76120209693909
-356459.22528851032257
-356459.68693220615387
-356460.14488613605499
-356460.59858965873718
-356461.05046761035919
-356461.50004899501801
-356461.94643521308899
-356462.38802361488342
-356462.82701456546783
-356463.26380801200867
-356463.69587564468384
-356464.12405955791473
-356464.54803097248077
-356464.96969377994537
-356465.38817501068115
-356465.80556190013885
-356466.21828126907349
-356466.62638807296753
-356467.03265523910522
-356467.43736982345581
-356467.83793103694916
-356468.23507440090179
-356468.62998986244202
-356469.02234041690826
-356469.40984499454498
-356469.79440760612488
-356470.17680668830872
-356470.55376851558685
-356470.92751622200012
-356471.29842329025269
-356471.66725635528564
-356472.03191113471985
-356472.39280939102173
-356472.75147497653961
-356473.10607993602753
-356473.45951581001282
-356473.81077253818512
-356474.15738022327423
-356474.50180971622467
-356474.84295082092285
-356475.18100488185883
-356475.5152542591095
-356475.84525990486145
-356476.17267298698425
-356476.49674105644226
-356476.81783044338226
-356477.13644278049469
-356477.45182394981384
-356477.76545286178589
-356478.07369911670685
-356478.37962698936462
-356478.68428599834442
-356478.98438906669617
-356479.28197848796844
-356479.57593142986298
-356479.86818027496338
-356480.15646874904633
-356480.44220626354218
-356480.72511959075928
-356481.00364911556244
-356481.28002023696899
-356481.55407989025116
-356481.82369840145111
-356482.09140527248383
-356482.35521256923676
-356482.6176335811615
-356482.87474524974823
-356483.12949371337891
-356483.3811559677124
-356483.6313533782959
-356483.87682807445526
-356484.11960160732269
-356484.35897958278656
-356484.59681189060211
-356484.83026003837585
-356485.06100451946259
-356485.28894019126892
-356485.51391315460205
-356485.73497188091278
-356485.95366990566254
-356486.16858065128326
-356486.38000738620758
-356486.58999192714691
-356486.79726946353912
-356487.000901222229
-356487.20334875583649
-356487.40088832378387
-356487.59654378890991
-356487.78795957565308
-356487.97814965248108
-356488.16387975215912
-356488.3462769985199
-356488.52712666988373
-356488.70545160770416
-356488.87996125221252
-356489.05011808872223
-356489.22098088264465
-356489.38719141483307
-356489.55088531970978
-356489.71012437343597
-356489.86446118354797
-356490.01820731163025
-356490.17009854316711
-356490.31625866889954
-356490.46014761924744
-356490.60480630397797
-356490.74657118320465
-356490.88378083705902
-356491.01821231842041
-356491.14847648143768
-356491.27754211425781
-356491.40253078937531
-356491.52360081672668
-356491.64318788051605
-356491.7603440284729
-356491.87297892570496
-356491.98185229301453
-356492.09075200557709
-356492.19556558132172
-356492.29624795913696
-356492.39453780651093
-356492.49186289310455
-356492.58527171611786
-356492.67497825622559
-356492.76252138614655
-356492.84728944301605
-356492.92778420448303
-356493.0051383972168
-356493.08308053016663
-356493.15575528144836
-356493.22472274303436
-356493.2909346818924
-356493.35541844367981
-356493.41659188270569
-356493.47419059276581
-356493.52831149101257
-356493.58282911777496
-356493.63359618186951
-356493.68058943748474
-356493.72472679615021
-356493.7674115896225
-356493.80474603176117
-356493.83882749080658
-356493.87121653556824
-356493.90144526958466
-356493.92881262302399
-356493.95313763618469
-356493.97401106357574
-356493.99538910388947
-356494.01076924800873
-356494.02193057537079
-356494.0314793586731
-356494.03773736953735
-356494.04178369045258
-356494.0437753200531
-356494.04238760471344
-356494.03915417194366
-356494.03148770332336
-356494.01874017715454
-356494.00809967517853
-356493.99416613578796
-356493.97596108913422
-356493.95638597011566
-356493.93505764007568
-356493.91106927394867
-356493.87882196903229
-356493.84825789928436
-356493.81386351585388
-356493.77817273139954
-356493.73752701282501
-356493.69486594200134
-356493.65019106864929
-356493.60022222995758
-356493.54976832866669
-356493.49596524238586
-356493.44157981872559
-356493.38141882419586
-356493.31803905963898
-356493.25300693511963
-356493.18489384651184
-356493.11454439163208
-356493.04198908805847
-356492.96558463573456
-356492.88672053813934
-356492.8032283782959
-356492.7189701795578
-356492.63028621673584
-356492.53737723827362
-356492.44451928138733
-356492.3477908372879
-356492.24609351158142
-356492.1449579000473
-356492.04059338569641
-356491.93324708938599
-356491.82325005531311
-356491.7099335193634
-356491.59405326843262
-356491.47754538059235
-356491.35521817207336
-356491.23253655433655
-356491.1051470041275
-356490.97431397438049
-356490.84298861026764
-356490.70780396461487
-356490.57040321826935
-356490.42966914176941
-356490.28996896743774
-356490.14551997184753
-356489.99820792675018
-356489.84913694858551
-356489.69546091556549
-356489.5410989522934
-356489.38297605514526
-356489.22019469738007
-356489.05596578121185
-356488.88903832435608
-356488.71704316139221
-356488.54663681983948
-356488.37164890766144
-356488.1942822933197
-356488.01398849487305
-356487.83012807369232
-356487.64625024795532
-356487.45805251598358
-356487.26784527301788
-356487.07407927513123
-356486.87835681438446
-356486.67944085597992
-356486.47645401954651
-356486.26985704898834
-356486.06308257579803
-356485.85142743587494
-356485.63812077045441
-356485.42172074317932
-356485.20474445819855
-356484.98370349407196
-356484.75894594192505
-356484.53141748905182
-356484.30410492420197
-356484.07175242900848
-356483.83697688579559
-356483.60070216655731
-356483.36250734329224
-356483.11771094799042
-356482.87191689014435
-356482.62325918674469
-356482.37143003940582
-356482.11687290668488
-356481.86023795604706
-356481.600421667099
-356481.33855140209198
-356481.07377409934998
-356480.80617594718933
-356480.53600943088531
-356480.26409983634949
-356479.9862414598465
-356479.70700597763062
-356479.42583465576172
-356479.14081752300262
-356478.85351347923279
-356478.56356942653656
-356478.26983058452606
-356477.97571766376495
-356477.6791250705719
-356477.37896585464478
-356477.07594931125641
-356476.77226293087006
-356476.46602177619934
-356476.15452909469604
-356475.8407164812088
-356475.52543544769287
-356475.20756733417511
-356474.88779711723328
-356474.5651832818985
-356474.23693740367889
-356473.90575432777405
-356473.57500922679901
-356473.24030876159668
-356472.90258061885834
-356472.56317222118378
-356472.22030508518219
-356471.8717474937439
-356471.52559494972229
-356471.17380595207214
-356470.81984090805054
-356470.46445417404175
-356470.10374975204468
-356469.74155950546265
-356469.37774300575256
-356469.01054310798645
-356468.64184248447418
-356468.26962184906006
-356467.89454090595245
-356467.51582598686218
-356467.13534247875214
-356466.75222587585449
-356466.36640751361847
-356465.97851753234863
-356465.58776783943176
-356465.1938065290451
-356464.79700076580048
-356464.40037739276886
-356464.00024569034576
-356463.59916889667511
-356463.19143676757812
-356462.78070437908173
-356462.36912262439728
-356461.95362091064453
-356461.53792488574982
-356461.11627566814423
-356460.69363367557526
-356460.26823914051056
-356459.83992338180542
-356459.4117180109024
-356458.97768187522888
-356458.54139566421509
-356458.10248100757599
-356457.65890252590179
-356457.21253943443298
-356456.76127886772156
-356456.31102097034454
-356455.85899043083191
-356455.4043585062027
-356454.9480185508728
-356454.48773002624512
-356454.02472352981567
-356453.55996787548065
-356453.09110498428345
-356452.61949360370636
-356452.14634740352631
-356451.66803932189941
-356451.18594014644623
-356450.70260787010193
-356450.21720159053802
-356449.72751569747925
-356449.23849987983704
-356448.74663889408112
-356448.25068926811218
-356447.75215888023376
-356447.25276398658752
-356446.74895703792572
-356446.24231016635895
-356445.73316931724548
-356445.22144544124603
-356444.70603263378143
-356444.18802547454834
-356443.66780912876129
-356443.14680957794189
-356442.62171196937561
-356442.09438562393188
-356441.56601083278656
-356441.03316593170166
-356440.49741077423096
-356439.9584949016571
-356439.41521394252777
-356438.87429344654083
-356438.3295396566391
-356437.77950775623322
-356437.22617161273956
-356436.6737095117569
-356436.11723899841309
-356435.55909562110901
-356434.99593043327332
-356434.4301518201828
-356433.8615061044693
-356433.29317760467529
-356432.72143363952637
-356432.14768385887146
-356431.57011592388153
-356430.98942899703979
-356430.4057240486145
-356429.8194385766983
-356429.23189616203308
-356428.64061796665192
-356428.04808497428894
-356427.45183706283569
-356426.85320818424225
-356426.25089871883392
-356425.64778172969818
-356425.04140198230743
-356424.43070983886719
-356423.81652069091797
-356423.19803297519684
-356422.578293800354
-356421.95925807952881
-356421.33532881736755
-356420.70868146419525
-356420.08247661590576
-356419.45125591754913
-356418.81770277023315
-356418.17995345592499
-356417.54035592079163
-356416.89604163169861
-356416.24801254272461
-356415.60210871696472
-356414.94995141029358
-356414.29599857330322
-356413.63903093338013
-356412.98121666908264
-356412.3176087141037
-356411.65267395973206
-356410.98522126674652
-356410.31490015983582
-356409.64407992362976
-356408.96820425987244
-356408.28821229934692
-356407.60690903663635
-356406.92435324192047
-356406.23970544338226
-356405.54878354072571
-356404.85802233219147
-356404.16387617588043
-356403.46605157852173
-356402.76659274101257
-356402.06288957595825
-356401.35347104072571
-356400.64876449108124
-356399.94022345542908
-356399.22651994228363
-356398.51236915588379
-356397.79393768310547
-356397.0692492723465
-356396.34472489356995
-356395.6181161403656
-356394.89053225517273
-356394.15832269191742
-356393.42754566669464
-356392.69193172454834
-356391.95336699485779
-356391.21279942989349
-356390.46897542476654
-356389.71873581409454
-356388.97039866447449
-356388.21729564666748
-356387.45952653884888
-356386.7020251750946
-356385.942422747612
-356385.17719662189484
-356384.41020107269287
-356383.63985705375671
-356382.86691963672638
-356382.0903342962265
-356381.3109039068222
-356380.52897834777832
-356379.74624741077423
-356378.96097052097321
-356378.1712521314621
-356377.37903320789337
-356376.58445572853088
-356375.7919739484787
-356374.99100971221924
-356374.19062376022339
-356373.38886642456055
-356372.57972919940948
-356371.76980710029602
-356370.95627534389496
-356370.13667321205139
-356369.31882119178772
-356368.49618184566498
-356367.67129039764404
-356366.84417510032654
-356366.01436614990234
-356365.18080627918243
-356364.34623658657074
-356363.50768780708313
-356362.66322898864746
-356361.81978058815002
-356360.96845352649689
-356360.1211564540863
-356359.26936745643616
-356358.41492962837219
-356357.55446493625641
-356356.69259548187256
-356355.82631814479828
-356354.96054601669312
-356354.09073424339294
-356353.21424353122711
-356352.34184181690216
-356351.46527099609375
-356350.5879100561142
-356349.70925390720367
-356348.82058310508728
-356347.93260264396667
-356347.04163646697998
-356346.15152645111084
-356345.25598609447479
-356344.35610198974609
-356343.45143222808838
-356342.54521214962006
-356341.64042770862579
-356340.73177492618561
-356339.81910586357117
-356338.90398585796356
-356337.98371398448944
-356337.06242597103119
-356336.13804244995117
-356335.21287024021149
-356334.28131365776062
-356333.3474714756012
-356332.41159570217133
-356331.47186589241028
-356330.53016877174377
-356329.58526623249054
-356328.63726365566254
-356327.68547832965851
-356326.73560500144958
-356325.78118860721588
-356324.82512497901917
-356323.86811232566833
-356322.90771460533142
-356321.93870306015015
-356320.97239243984222
-356319.99970018863678
-356319.02528941631317
-356318.04629242420197
-356317.0624064207077
-356316.07356798648834
-356315.08375787734985
-356314.09263575077057
-356313.1006190776825
-356312.10517132282257
-356311.10756528377533
-356310.10423994064331
-356309.10036432743073
-356308.09330546855927
-356307.08615100383759
-356306.07776117324829
-356305.06192195415497
-356304.0470050573349
-356303.02706575393677
-356302.00400674343109
-356300.97431039810181
-356299.94250416755676
-356298.91206729412079
-356297.87876069545746
-356296.84105491638184
-356295.80149435997009
-356294.75628089904785
-356293.70844209194183
-356292.65764844417572
-356291.60110366344452
-356290.54414868354797
-356289.48601651191711
-356288.42828691005707
-356287.3634033203125
-356286.29470360279083
-356285.22524154186249
-356284.15346050262451
-356283.07780933380127
-356281.99814176559448
-356280.91835689544678
-356279.83624505996704
-356278.75001513957977
-356277.66150569915771
-356276.5667040348053
-356275.4701623916626
-356274.37111532688141
-356273.26636075973511
-356272.16346430778503
-356271.05341708660126
-356269.9461852312088
-356268.83381700515747
-356267.71856570243835
-356266.60204184055328
-356265.48148131370544
-356264.35987114906311
-356263.23118793964386
-356262.10034596920013
-356260.96735084056854
-356259.82824945449829
-356258.68826305866241
-356257.54823040962219
-356256.40150499343872
-356255.25103628635406
-356254.09994471073151
-356252.94600486755371
-356251.78800284862518
-356250.6265013217926
-356249.46665048599243
-356248.3013322353363
-356247.13190793991089
-356245.9599084854126
-356244.7853786945343
-356243.60716044902802
-356242.42781102657318
-356241.24230146408081
-356240.05819153785706
-356238.86842966079712
-356237.67490303516388
-356236.47768652439117
-356235.27829694747925
-356234.07775485515594
-356232.87586987018585
-356231.66450762748718
-356230.45441126823425
-356229.2358775138855
-356228.01866364479065
-356226.79856824874878
-356225.57683634757996
-356224.35308849811554
-356223.12329375743866
-356221.88910019397736
-356220.65165722370148
-356219.41342628002167
-356218.1723804473877
-356216.92917263507843
-356215.6837682723999
-356214.43326544761658
-356213.17745923995972
-356211.9232759475708
-356210.66190922260284
-356209.3956241607666
-356208.12975192070007
-356206.86072051525116
-356205.59059870243073
-356204.31859719753265
-356203.04557120800018
-356201.76510059833527
-356200.47910284996033
-356199.18965280056
-356197.9018748998642
-356196.60983467102051
-356195.31044411659241
-356194.013592004776
-356192.71271920204163
-356191.40991497039795
-356190.10173869132996
-356188.7892986536026
-356187.47320210933685
-356186.15534281730652
-356184.83586478233337
-356183.51193475723267
-356182.18567538261414
-356180.86228120326996
-356179.53212785720825
-356178.19991457462311
-356176.86286902427673
-356175.52228057384491
-356174.18007206916809
-356172.83310770988464
-356171.48723816871643
-356170.13654792308807
-356168.77890384197235
-356167.41734898090363
-356166.05586087703705
-356164.68922913074493
-356163.32066571712494
-356161.94717109203339
-356160.57282185554504
-356159.19290709495544
-356157.81658136844635
-356156.43318831920624
-356155.05046963691711
-356153.66251039505005
-356152.26654970645905
-356150.86578273773193
-356149.46530318260193
-356148.06464982032776
-356146.66156947612762
-356145.25383222103119
-356143.84086942672729
-356142.42517066001892
-356141.01539254188538
-356139.59408497810364
-356138.16861319541931
-356136.74189472198486
-356135.31091415882111
-356133.87796008586884
-356132.43729817867279
-356130.99982786178589
-356129.55834639072418
-356128.11364841461182
-356126.66608011722565
-356125.21455955505371
-356123.75959539413452
-356122.30059599876404
-356120.84084129333496
-356119.37601637840271
-356117.90719711780548
-356116.43789911270142
-356114.96457719802856
-356113.48685193061829
-356112.00742959976196
-356110.52500867843628
-356109.03898894786835
-356107.55108499526978
-356106.05992841720581
-356104.565514087677
-356103.06409108638763
-356101.56265950202942
-356100.05675184726715
-356098.54546439647675
-356097.03360557556152
-356095.51513743400574
-356093.99661207199097
-356092.47365725040436
-356090.94811761379242
-356089.41921603679657
-356087.89259827136993
-356086.35558950901031
-356084.81950998306274
-356083.27660799026489
-356081.73017156124115
-356080.18856918811798
-356078.6398423910141
-356077.08508539199829
-356075.52797973155975
-356073.97126650810242
-356072.40755617618561
-356070.84111428260803
-356069.27177858352661
-356067.70128285884857
-356066.12668216228485
-356064.54610908031464
-356062.96148478984833
-356061.37864851951599
-356059.7885000705719
-356058.1988433599472
-356056.60605943202972
-356055.00722920894623
-356053.40738821029663
-356051.80224418640137
-356050.19383585453033
-356048.58534288406372
-356046.97453534603119
-356045.35827577114105
-356043.73915100097656
-356042.11790263652802
-356040.48945987224579
-356038.85874903202057
-356037.2252711057663
-356035.58927381038666
-356033.95050346851349
-356032.31044471263885
-356030.66164028644562
-356029.01073694229126
-356027.35855197906494
-356025.70552504062653
-356024.0488166809082
-356022.38429176807404
-356020.71992444992065
-356019.05482840538025
-356017.38594901561737
-356015.712970495224
-356014.03649997711182
-356012.3556957244873
-356010.68124222755432
-356008.99880909919739
-356007.30499386787415
-356005.61186969280243
-356003.91611862182617
-356002.21522343158722
-356000.51514947414398
-355998.81119883060455
-355997.1038966178894
-355995.39779567718506
-355993.67528104782104
-355991.95661056041718
-355990.23683500289917
-355988.51333212852478
-355986.7843291759491
-355985.05709433555603
-355983.32830798625946
-355981.59983503818512
-355979.85804378986359
-355978.11710631847382
-355976.37348246574402
-355974.62169218063354
-355972.87008690834045
-355971.11589002609253
-355969.35409462451935
-355967.59554755687714
-355965.83284783363342
-355964.07130897045135
-355962.29653739929199
-355960.52143323421478
-355958.7429975271225
-355956.96212208271027
-355955.17527890205383
-355953.39267790317535
-355951.60949742794037
-355949.81361699104309
-355948.02319896221161
-355946.2273542881012
-355944.43123304843903
-355942.62899029254913
-355940.82300627231598
-355939.01550281047821
-355937.20587515830994
-355935.3898708820343
-355933.57646906375885
-355931.7552330493927
-355929.92666804790497
-355928.10188138484955
-355926.26746487617493
-355924.432856798172
-355922.59507429599762
-355920.75356447696686
-355918.91111207008362
-355917.06399488449097
-355915.20777416229248
-355913.3580162525177
-355911.50294864177704
-355909.64567518234253
-355907.78414475917816
-355905.91838717460632
-355904.04745578765869
-355902.17301416397095
-355900.29152345657349
-355898.41282248497009
-355896.53040134906769
-355894.63669371604919
-355892.75030958652496
-355890.85355031490326
-355888.9568133354187
-355887.05374395847321
-355885.15410709381104
-355883.25119686126709
-355881.3440967798233
-355879.43549597263336
-355877.52203965187073
-355875.60344457626343
-355873.67611861228943
-355871.75052893161774
-355869.82143127918243
-355867.88679814338684
-355865.94643664360046
-355864.00200021266937
-355862.05099403858185
-355860.09579312801361
-355858.14529192447662
-355856.18879890441895
-355854.23150205612183
-355852.26600706577301
-355850.28992664813995
-355848.31573927402496
-355846.34216642379761
-355844.36891734600067
-355842.38541543483734
-355840.40228724479675
-355838.40859413146973
-355836.41712462902069
-355834.41865134239197
-355832.41596508026123
-355830.41337823867798
-355828.40654170513153
-355826.39710903167725
-355824.38095319271088
-355822.35889327526093
-355820.33592569828033
-355818.30650734901428
-355816.27444624900818
-355814.2402538061142
-355812.19873917102814
-355810.15525329113007
-355808.10759055614471
-355806.05883836746216
-355804.00693249702454
-355801.94865202903748
-355799.88212239742279
-355797.81530570983887
-355795.75015509128571
-355793.68063843250275
-355791.60033106803894
-355789.51994645595551
-355787.4302179813385
-355785.33440566062927
-355783.23552334308624
-355781.1357501745224
-355779.03210699558258
-355776.9216912984848
-355774.80755865573883
-355772.69431173801422
-355770.57217168807983
-355768.45214056968689
-355766.32262337207794
-355764.18499672412872
-355762.04139220714569
-355759.89861285686493
-355757.75350940227509
-355755.60435199737549
-355753.45190131664276
-355751.29077792167664
-355749.12417018413544
-355746.956303358078
-355744.78762698173523
-355742.61432421207428
-355740.43906259536743
-355738.24514389038086
-355736.05714333057404
-355733.86152935028076
-355731.6595618724823
-355729.45493590831757
-355727.24415254592896
-355725.02945053577423
-355722.81191682815552
-355720.58982944488525
-355718.3554835319519
-355716.11847639083862
-355713.88173139095306
-355711.64083111286163
-355709.39529347419739
-355707.14673328399658
-355704.89169979095459
-355702.63736116886139
-355700.37235486507416
-355698.10173618793488
-355695.82517635822296
-355693.54843926429749
-355691.26278221607208
-355688.97572565078735
-355686.68259370326996
-355684.38416028022766
-355682.07981610298157
-355679.77142715454102
-355677.45713949203491
-355675.13967418670654
-355672.82138049602509
-355670.49030482769012
-355668.16265261173248
-355665.82681179046631
-355663.49037528038025
-355661.14598941802979
-355658.79996657371521
-355656.44543445110321
-355654.08588564395905
-355651.71998608112335
-355649.35171222686768
-355646.97456347942352
-355644.59423685073853
-355642.21048128604889
-355639.81655943393707
-355637.42028260231018
-355635.0199236869812
-355632.61323630809784
-355630.20362854003906
-355627.78439176082611
-355625.35913944244385
-355622.94038212299347
-355620.51204764842987
-355618.07230806350708
-355615.62899875640869
-355613.17987334728241
-355610.73305869102478
-355608.27913987636566
-355605.82341647148132
-355603.36045920848846
-355600.88899028301239
-355598.42345309257507
-355595.94345724582672
-355593.44413602352142
-355590.94696688652039
-355588.45175814628601
-355585.95364761352539
-355583.43827629089355
-355580.92010962963104
-355578.39538502693176
-355575.87021207809448
-355573.32952320575714
-355570.7876980304718
-355568.24612045288086
-355565.70102345943451
-355563.14853060245514
-355560.58935976028442
-355558.03630709648132
-355555.46356511116028
-355552.88324844837189
-355550.30059003829956
-355547.71481323242188
-355545.12280988693237
-355542.52939093112946
-355539.92384803295135
-355537.30774652957916
-355534.68999588489532
-355532.06482887268066
-355529.43196880817413
-355526.80242729187012
-355524.16488933563232
-355521.52843379974365
-355518.87834882736206
-355516.22549700737
-355513.56352746486664
-355510.89058554172516
-355508.21720540523529
-355505.53634142875671
-355502.85477197170258
-355500.16647183895111
-355497.47339141368866
-355494.76674604415894
-355492.06172525882721
-355489.34575641155243
-355486.62008380889893
-355483.89293420314789
-355481.16630423069
-355478.42695820331573
-355475.67924535274506
-355472.92610228061676
-355470.16740524768829
-355467.40212500095367
-355464.63065457344055
-355461.84073305130005
-355459.05391120910645
-355456.25999224185944
-355453.45549380779266
-355450.65048348903656
-355447.83345127105713
-355445.02118706703186
-355442.20163035392761
-355439.37438344955444
-355436.53900730609894
-355433.69601225852966
-355430.8515487909317
-355428.00411462783813
-355425.13607716560364
-355422.26811468601227
-355419.3893940448761
-355416.50175726413727
-355413.60933220386505
-355410.70736086368561
-355407.81018757820129
-355404.90316915512085
-355401.98759865760803
-355399.06012642383575
-355396.12480282783508
-355393.18380904197693
-355390.23540127277374
-355387.28288853168488
-355384.327672123909
-355381.36385571956635
-355378.39670240879059
-355375.41511332988739
-355372.43486642837524
-355369.44496965408325
-355366.45591008663177
-355363.45441877841949
-355360.4480574131012
-355357.44267213344574
-355354.41329824924469
-355351.38248682022095
-355348.34154856204987
-355345.2953028678894
-355342.23563778400421
-355339.17270147800446
-355336.10500574111938
-355333.02615606784821
-355329.93545317649841
-355326.85232663154602
-355323.77249026298523
-355320.67122614383698
-355317.56662571430206
-355314.44814729690552
-355311.31550478935242
-355308.1861926317215
-355305.05380475521088
-355301.90676939487457
-355298.75589895248413
-355295.58604323863983
-355292.42393028736115
-355289.24568402767181
-355286.05386579036713
-355282.85827004909515
-355279.65626633167267
-355276.45323777198792
-355273.23176062107086
-355270.01094138622284
-355266.78692090511322
-355263.55388140678406
-355260.30519258975983
-355257.04636287689209
-355253.78013074398041
-355250.50495159626007
-355247.22662210464478
-355243.93792259693146
-355240.64428818225861
-355237.33365750312805
-355234.02667701244354
-355230.70825827121735
-355227.37992703914642
-355224.04506516456604
-355220.69563734531403
-355217.34502601623535
-355213.9864786863327
-355210.62741422653198
-355207.24756968021393
-355203.86864614486694
-355200.48270058631897
-355197.08404195308685
-355193.67454564571381
-355190.25979852676392
-355186.84607672691345
-355183.40062189102173
-355179.96686923503876
-355176.51732611656189
-355173.06794476509094
-355169.60508453845978
-355166.13187623023987
-355162.64765357971191
-355159.15371143817902
-355155.65293419361115
-355152.14057850837708
-355148.61296713352203
-355145.09058260917664
-355141.55724942684174
