-127984.22728323936462
-127991.83795189857483
-127998.5991358757019
-128005.28794431686401
-128011.9125714302063
-128018.48304772377014
-128025.02036571502686
-128031.52379965782166
-128038.00049686431885
-128044.44975018501282
-128050.88676929473877
-128057.31475329399109
-128063.73695421218872
-128070.14304375648499
-128076.54146361351013
-128082.92570328712463
-128089.30621385574341
-128095.68393468856812
-128102.05316948890686
-128108.42199206352234
-128114.78682732582092
-128121.14650988578796
-128127.50055527687073
-128133.8515317440033
-128140.2040421962738
-128146.5535352230072
-128152.90481066703796
-128159.25739908218384
-128165.61451649665833
-128171.97902083396912
-128178.33743166923523
-128184.69330048561096
-128191.04983901977539
-128197.39966106414795
-128203.74984669685364
-128210.09484314918518
-128216.45284533500671
-128222.8035614490509
-128229.15627598762512
-128235.50921726226807
-128241.86140990257263
-128248.22195768356323
-128254.58923006057739
-128260.95224618911743
-128267.31808543205261
-128273.68616414070129
-128280.05782675743103
-128286.43123579025269
-128292.80875587463379
-128299.17912316322327
-128305.5577871799469
-128311.9356415271759
-128318.32836318016052
-128324.72366333007812
-128331.12480545043945
-128337.52552533149719
-128343.91800355911255
-128350.31263589859009
-128356.7103226184845
-128363.09558415412903
-128369.48181319236755
-128375.8778178691864
-128382.27233862876892
-128388.67714381217957
-128395.09003329277039
-128401.50191593170166
-128407.91548132896423
-128414.324054479599
-128420.73692440986633
-128427.15311169624329
-128433.56717562675476
-128439.98098349571228
-128446.39480924606323
-128452.80848264694214
-128459.21638250350952
-128465.62593960762024
-128472.04771757125854
-128478.46538519859314
-128484.88654088973999
-128491.30681443214417
-128497.72984051704407
-128504.15458726882935
-128510.57184457778931
-128516.9854211807251
-128523.40607976913452
-128529.82839345932007
-128536.25361967086792
-128542.67666745185852
-128549.09719467163086
-128555.52613973617554
-128561.95536017417908
-128568.38481020927429
-128574.80862164497375
-128581.24475860595703
-128587.6691563129425
-128594.09884858131409
-128600.53173232078552
-128606.968585729599
-128613.4073634147644
-128619.84521007537842
-128626.28702259063721
-128632.72874021530151
-128639.17765522003174
-128645.61174917221069
-128652.05338191986084
-128658.50638604164124
-128664.95244026184082
-128671.38578057289124
-128677.82902383804321
-128684.26821064949036
-128690.71030116081238
-128697.16038179397583
-128703.60342860221863
-128710.06104516983032
-128716.5034122467041
-128722.96810626983643
-128729.41926145553589
-128735.87085270881653
-128742.32486963272095
-128748.78104591369629
-128755.23959612846375
-128761.68422555923462
-128768.13450121879578
-128774.59543609619141
-128781.04778385162354
-128787.50518131256104
-128793.95807194709778
-128800.41469645500183
-128806.88460469245911
-128813.33960103988647
-128819.7967483997345
-128826.25515818595886
-128832.71839141845703
-128839.19211506843567
-128845.65536999702454
-128852.11799263954163
-128858.57860565185547
-128865.03972935676575
-128871.49087882041931
-128877.9422824382782
-128884.40639615058899
-128890.86577343940735
-128897.33062958717346
-128903.79362750053406
-128910.26174736022949
-128916.72639656066895
-128923.19880700111389
-128929.66161704063416
-128936.12638211250305
-128942.59463906288147
-128949.06007218360901
-128955.53344082832336
-128962.00168228149414
-128968.4653205871582
-128974.93862915039062
-128981.42181396484375
-128987.89403557777405
-128994.37190103530884
-129000.8444926738739
-129007.30871152877808
-129013.7878954410553
-129020.2672290802002
-129026.74832320213318
-129033.22685122489929
-129039.69694566726685
-129046.17558479309082
-129052.65948271751404
-129059.12824940681458
-129065.6180055141449
-129072.09786343574524
-129078.57773423194885
-129085.06347703933716
-129091.54810166358948
-129098.01967573165894
-129104.4913432598114
-129110.96643924713135
-129117.45977520942688
-129123.94115138053894
-129130.42878127098083
-129136.91724252700806
-129143.41545867919922
-129149.91406846046448
-129156.40394735336304
-129162.89758968353271
-129169.38336539268494
-129175.87970113754272
-129182.36647057533264
-129188.85835027694702
-129195.35413527488708
-129201.84003853797913
-129208.32924795150757
-129214.83504271507263
-129221.33943200111389
-129227.841313123703
-129234.34898734092712
-129240.85436725616455
-129247.36696553230286
-129253.87389588356018
-129260.38310551643372
-129266.89534163475037
-129273.40683627128601
-129279.91289830207825
-129286.41390705108643
-129292.91793823242188
-129299.42767143249512
-129305.93389177322388
-129312.45413684844971
-129318.95274305343628
-129325.46299719810486
-129331.95999193191528
-129338.46837902069092
-129344.97949886322021
-129351.49369645118713
-129358.01087045669556
-129364.52149510383606
-129371.03584218025208
-129377.54163980484009
-129384.0595691204071
-129390.57817387580872
-129397.08467173576355
-129403.60664987564087
-129410.10639595985413
-129416.60538053512573
-129423.11116218566895
-129429.62269353866577
-129436.13912439346313
-129442.65295124053955
-129449.16571998596191
-129455.69352865219116
-129462.212486743927
-129468.73331689834595
-129475.26732039451599
-129481.79037523269653
-129488.31915044784546
-129494.84523153305054
-129501.36511254310608
-129507.89695334434509
-129514.42125225067139
-129520.94230175018311
-129527.47016024589539
-129533.99985122680664
-129540.52670788764954
-129547.06134176254272
-129553.59304785728455
-129560.10468530654907
-129566.61721849441528
-129573.13892269134521
-129579.66351795196533
-129586.18852591514587
-129592.72384214401245
-129599.23957538604736
-129605.76290941238403
-129612.28405857086182
-129618.81442952156067
-129625.33821153640747
-129631.86984014511108
-129638.41440749168396
-129644.94334363937378
-129651.47201132774353
-129658.00958275794983
-129664.53895568847656
-129671.07704710960388
-129677.60096120834351
-129684.13370490074158
-129690.67015290260315
-129697.1968092918396
-129703.73799633979797
-129710.28684258460999
-129716.82264995574951
-129723.36468148231506
-129729.90385580062866
-129736.44228458404541
-129742.98313069343567
-129749.51879239082336
-129756.04636478424072
-129762.57596492767334
-129769.11447286605835
-129775.65633821487427
-129782.20320248603821
-129788.73534774780273
-129795.27551364898682
-129801.81035304069519
-129808.34062838554382
-129814.87796068191528
-129821.42579793930054
-129827.96127867698669
-129834.4842700958252
-129841.0064754486084
-129847.53438663482666
-129854.06380987167358
-129860.58764696121216
-129867.11982560157776
-129873.64416360855103
-129880.17970061302185
-129886.72335982322693
-129893.24396777153015
-129899.76938629150391
-129906.31416654586792
-129912.85346674919128
-129919.38616061210632
-129925.90885949134827
-129932.44408750534058
-129938.96123600006104
-129945.4916045665741
-129952.01440072059631
-129958.53863573074341
-129965.07972717285156
-129971.60588359832764
-129978.13654112815857
-129984.67070484161377
-129991.21219730377197
-129997.7362744808197
-130004.27599906921387
-130010.81937742233276
-130017.35962414741516
-130023.89685750007629
-130030.42917823791504
-130036.96930980682373
-130043.50664949417114
-130050.05192947387695
-130056.60078358650208
-130063.16973114013672
-130069.71916365623474
-130076.25908160209656
-130082.82304525375366
-130089.37062311172485
-130095.9188187122345
-130102.4681179523468
-130109.00642848014832
-130115.54144692420959
-130122.09082674980164
-130128.64001297950745
-130135.1834442615509
-130141.72591233253479
-130148.26375961303711
-130154.80288767814636
-130161.34776878356934
-130167.88126301765442
-130174.41909885406494
-130180.96400475502014
-130187.49846148490906
-130194.02154660224915
-130200.56722402572632
-130207.10491418838501
-130213.62710809707642
-130220.15813207626343
-130226.69108438491821
-130233.21983742713928
-130239.7583749294281
-130246.28318190574646
-130252.82435297966003
-130259.35181856155396
-130265.88847756385803
-130272.42054486274719
-130278.95107746124268
-130285.49031972885132
-130292.03495669364929
-130298.58814597129822
-130305.14405870437622
-130311.67251324653625
-130318.22121095657349
-130324.76645421981812
-130331.30556988716125
-130337.84816813468933
-130344.38165378570557
-130350.93358469009399
-130357.47129988670349
-130364.0188455581665
-130370.56633019447327
-130377.10337615013123
-130383.63879942893982
-130390.19224143028259
-130396.72728800773621
-130403.27713251113892
-130409.8255443572998
-130416.36950063705444
-130422.90523886680603
-130429.43911910057068
-130435.97967576980591
-130442.52061486244202
-130449.06689548492432
-130455.59983396530151
-130462.13463759422302
-130468.66692900657654
-130475.19442272186279
-130481.73426413536072
-130488.26136994361877
-130494.79199433326721
-130501.32311820983887
-130507.86743664741516
-130514.41469407081604
-130520.95234036445618
-130527.48388266563416
-130534.02339267730713
-130540.56264400482178
-130547.11296439170837
-130553.6455237865448
-130560.18083643913269
-130566.72467303276062
-130573.26767301559448
-130579.80697798728943
-130586.33195734024048
-130592.88410520553589
-130599.42589616775513
-130605.97624945640564
-130612.51685690879822
-130619.05868268013
-130625.5960111618042
-130632.14583349227905
-130638.68624711036682
-130645.22552347183228
-130651.76671457290649
-130658.31489062309265
-130664.87209630012512
-130671.42031335830688
-130677.97495126724243
-130684.52490067481995
-130691.0546019077301
-130697.60580801963806
-130704.13894653320312
-130710.67397260665894
-130717.22220802307129
-130723.76032948493958
-130730.2902979850769
-130736.82439851760864
-130743.35128259658813
-130749.87968730926514
-130756.39608526229858
-130762.92124891281128
-130769.4532790184021
-130775.9960777759552
-130782.53793239593506
-130789.07279968261719
-130795.60187816619873
-130802.11966776847839
-130808.6387665271759
-130815.16707587242126
-130821.68757557868958
-130828.20913481712341
-130834.7493462562561
-130841.28397130966187
-130847.80458974838257
-130854.34381723403931
-130860.88116693496704
-130867.41345810890198
-130873.9400622844696
-130880.46444797515869
-130886.98615837097168
-130893.50894284248352
-130900.03689765930176
-130906.571373462677
-130913.09503746032715
-130919.62247037887573
-130926.14531278610229
-130932.67121577262878
-130939.19092106819153
-130945.72496938705444
-130952.25434112548828
-130958.78066849708557
-130965.31330037117004
-130971.83835744857788
-130978.34860229492188
-130984.8656370639801
-130991.40109777450562
-130997.93695831298828
-131004.45574879646301
-131010.98641204833984
-131017.51867461204529
-131024.0594334602356
-131030.60764026641846
-131037.14555764198303
-131043.68164801597595
-131050.21031785011292
-131056.74089121818542
-131063.26878070831299
-131069.78351044654846
-131076.29759120941162
-131082.83020877838135
-131089.37038969993591
-131095.89480948448181
-131102.43191504478455
-131108.96419262886047
-131115.4806342124939
-131122.00692343711853
-131128.52282357215881
-131135.04314804077148
-131141.56020617485046
-131148.06278395652771
-131154.60045671463013
-131161.12172603607178
-131167.64196729660034
-131174.16744947433472
-131180.69271278381348
-131187.19854235649109
-131193.72785615921021
-131200.25291681289673
-131206.76509189605713
-131213.29049468040466
-131219.81916356086731
-131226.34109687805176
-131232.86400437355042
-131239.39875960350037
-131245.92105555534363
-131252.4458487033844
-131258.98234748840332
-131265.50903344154358
-131272.03279805183411
-131278.54726052284241
-131285.07092046737671
-131291.59190154075623
-131298.1329300403595
-131304.6653254032135
-131311.20027470588684
-131317.73922824859619
-131324.27819275856018
-131330.80003976821899
-131337.33025169372559
-131343.86098337173462
-131350.38328671455383
-131356.91378259658813
-131363.4439377784729
-131369.98590803146362
-131376.52329730987549
-131383.05439186096191
-131389.57370591163635
-131396.11348462104797
-131402.66167259216309
-131409.20229077339172
-131415.73744916915894
-131422.27925276756287
-131428.82302713394165
-131435.3530375957489
-131441.87299132347107
-131448.39542412757874
-131454.92394256591797
-131461.46870279312134
-131468.02725648880005
-131474.56041026115417
-131481.08004117012024
-131487.59825277328491
-131494.12237930297852
-131500.65086913108826
-131507.16447067260742
-131513.690260887146
-131520.22370386123657
-131526.75006294250488
-131533.25216674804688
-131539.77596712112427
-131546.31144762039185
-131552.82815074920654
-131559.34767627716064
-131565.87174296379089
-131572.41211557388306
-131578.93181943893433
-131585.4880428314209
-131592.03223443031311
-131598.5617139339447
-131605.10987854003906
-131611.64515805244446
-131618.2069525718689
-131624.73034048080444
-131631.27187085151672
-131637.81962966918945
-131644.35145854949951
-131650.8851523399353
-131657.41918134689331
-131663.95448184013367
-131670.48370838165283
-131677.02009963989258
-131683.56286978721619
-131690.10904359817505
-131696.65653252601624
-131703.19405341148376
-131709.73335599899292
-131716.25531077384949
-131722.80586409568787
-131729.34953045845032
-131735.8639018535614
-131742.3917772769928
-131748.92011404037476
-131755.44760465621948
-131761.98674249649048
-131768.51670575141907
-131775.04649019241333
-131781.57538771629333
-131788.11168670654297
-131794.63735866546631
-131801.14552426338196
-131807.65940427780151
-131814.18066072463989
-131820.72198605537415
-131827.25092172622681
-131833.77060842514038
-131840.30942916870117
-131846.85792708396912
-131853.40391564369202
-131859.92390394210815
-131866.45272564888
-131872.99042534828186
-131879.52950739860535
-131886.06924533843994
-131892.59320974349976
-131899.12287211418152
-131905.63547658920288
-131912.16607880592346
-131918.68682765960693
-131925.22341585159302
-131931.74435591697693
-131938.2689995765686
-131944.80183267593384
-131951.34333181381226
-131957.86710715293884
-131964.3992919921875
-131970.94217300415039
-131977.48727798461914
-131984.03146815299988
-131990.56404662132263
-131997.07617712020874
-132003.5927426815033
-132010.1134295463562
-132016.6622166633606
-132023.19840526580811
-132029.73205351829529
-132036.25864624977112
-132042.79670882225037
-132049.32263422012329
-132055.84431934356689
-132062.37345838546753
-132068.88670444488525
-132075.40478277206421
-132081.92808699607849
-132088.43090987205505
-132094.9635488986969
-132101.50101089477539
-132108.04305338859558
-132114.57974123954773
-132121.11672949790955
-132127.64942574501038
-132134.20297694206238
-132140.76986408233643
-132147.32246732711792
-132153.87838625907898
-132160.45134258270264
-132167.00713777542114
-132173.56249785423279
-132180.10843181610107
-132186.655118227005
-132193.20115089416504
-132199.75222945213318
-132206.30523538589478
-132212.84357213973999
-132219.40850043296814
-132225.95166182518005
-132232.49526619911194
-132239.03869557380676
-132245.58548927307129
-132252.13072562217712
-132258.6863808631897
-132265.21757578849792
-132271.76672863960266
-132278.31025362014771
-132284.85305833816528
-132291.39908170700073
-132297.9553382396698
-132304.49168395996094
-132311.03132581710815
-132317.55803418159485
-132324.09756660461426
-132330.63546681404114
-132337.1708197593689
-132343.69838261604309
-132350.20713424682617
-132356.74901175498962
-132363.2842321395874
-132369.82069373130798
-132376.34695625305176
-132382.8627872467041
-132389.40063190460205
-132395.92651844024658
-132402.46662926673889
-132408.99469828605652
-132415.5214581489563
-132422.03247809410095
-132428.55080986022949
-132435.0888147354126
-132441.62609267234802
-132448.16088056564331
-132454.6842474937439
-132461.20528554916382
-132467.72354745864868
-132474.24907279014587
-132480.77249312400818
-132487.30029082298279
-132493.81334900856018
-132500.34336566925049
-132506.87725400924683
-132513.40054273605347
-132519.91645407676697
-132526.43440937995911
-132532.9678270816803
-132539.48129391670227
-132546.01309823989868
-132552.55088186264038
-132559.06439614295959
-132565.60615873336792
-132572.13162302970886
-132578.67704629898071
-132585.19901728630066
-132591.72647881507874
-132598.23973631858826
-132604.75555729866028
-132611.30069780349731
-132617.82718205451965
-132624.36158919334412
-132630.88147592544556
-132637.42031860351562
-132643.9540581703186
-132650.48590636253357
-132657.00199508666992
-132663.53127408027649
-132670.0677342414856
-132676.59358549118042
-132683.11729836463928
-132689.63896417617798
-132696.13297653198242
-132702.64941167831421
-132709.16638875007629
-132715.67265367507935
-132722.20565295219421
-132728.74136352539062
-132735.27708673477173
-132741.82404518127441
-132748.3523097038269
-132754.88083052635193
-132761.42257571220398
-132767.96874690055847
-132774.50214266777039
-132781.03680109977722
-132787.575199842453
-132794.12763023376465
-132800.67949461936951
-132807.22192907333374
-132813.75326204299927
-132820.28897666931152
-132826.82250571250916
-132833.37901186943054
-132839.89543390274048
-132846.43014717102051
-132852.97530770301819
-132859.51285457611084
-132866.05708932876587
-132872.59901404380798
-132879.14105606079102
-132885.67721366882324
-132892.23288369178772
-132898.78943634033203
-132905.32848834991455
-132911.86842679977417
-132918.41789078712463
-132924.97354936599731
-132931.5169050693512
-132938.08866763114929
-132944.63901138305664
-132951.19322967529297
-132957.75500082969666
-132964.29656434059143
-132970.84642863273621
-132977.41813111305237
-132983.96991944313049
-132990.53767466545105
-132997.07578420639038
-133003.62133884429932
-133010.19233345985413
-133016.75018000602722
-133023.31190085411072
-133029.8598051071167
-133036.42504978179932
-133042.97709202766418
-133049.54610252380371
-133056.11711478233337
-133062.69067716598511
-133069.24614858627319
-133075.79673528671265
-133082.36038208007812
-133088.91962766647339
-133095.48329758644104
-133102.06296849250793
-133108.61538338661194
-133115.1747407913208
-133121.73758912086487
-133128.29351234436035
-133134.84915208816528
-133141.41210031509399
-133147.98126029968262
-133154.55767130851746
-133161.12572312355042
-133167.68511199951172
-133174.2247679233551
-133180.80321025848389
-133187.3858323097229
-133193.94909596443176
-133200.51136684417725
-133207.07111644744873
-133213.6566596031189
-133220.23707270622253
-133226.81771969795227
-133233.40059733390808
-133239.98554921150208
-133246.55384731292725
-133253.13531684875488
-133259.69578218460083
-133266.26224970817566
-133272.84266376495361
-133279.43318963050842
-133286.03947138786316
-133292.65078210830688
-133299.22564268112183
-133305.81117677688599
-133312.39873933792114
-133318.99426531791687
-133325.59245753288269
