-298818.49733304977417
-298826.83935832977295
-298833.80811417102814
-298840.3499139547348
-298846.59891617298126
-298852.6339339017868
-298858.49807584285736
-298864.21817719936371
-298869.81505405902863
-298875.30423104763031
-298880.69774222373962
-298886.00633347034454
-298891.23883032798767
-298896.40064799785614
-298901.49741625785828
-298906.53528225421906
-298911.51794922351837
-298916.44851994514465
-298921.33044528961182
-298926.16770577430725
-298930.96148228645325
-298935.71471476554871
-298940.42940378189087
-298945.10789000988007
-298949.75166988372803
-298954.36252522468567
-298958.94195318222046
-298963.49090337753296
-298968.01113390922546
-298972.50425457954407
-298976.97122311592102
-298981.41117882728577
-298985.82657027244568
-298990.21895456314087
-298994.58803999423981
-298998.93577647209167
-299003.26200234889984
-299007.56604027748108
-299011.85040843486786
-299016.1155594587326
-299020.36246466636658
-299024.59057557582855
-299028.80055773258209
-299032.99277865886688
-299037.16829872131348
-299041.3291836977005
-299045.4733190536499
-299049.60195970535278
-299053.71555924415588
-299057.81424808502197
-299061.89765453338623
-299065.96745872497559
-299070.02383852005005
-299074.06680500507355
-299078.09733891487122
-299082.11522841453552
-299086.12076652050018
-299090.11379742622375
-299094.09407019615173
-299098.06346869468689
-299102.02122700214386
-299105.96845459938049
-299109.90401637554169
-299113.8277575969696
-299117.74205136299133
-299121.64577734470367
-299125.54000794887543
-299129.42442858219147
-299133.29957985877991
-299137.1648051738739
-299141.02088248729706
-299144.86691975593567
-299148.70372295379639
-299152.53214406967163
-299156.35175287723541
-299160.16288602352142
-299163.96602654457092
-299167.75991296768188
-299171.54546093940735
-299175.32292866706848
-299179.09346139431
-299182.85537874698639
-299186.60954523086548
-299190.35583651065826
-299194.09374642372131
-299197.82507014274597
-299201.54913067817688
-299205.26639115810394
-299208.97549021244049
-299212.67897760868073
-299216.37504827976227
-299220.06387174129486
-299223.74683666229248
-299227.42224538326263
-299231.09118890762329
-299234.75435829162598
-299238.41192901134491
-299242.06308948993683
-299245.70617353916168
-299249.34420549869537
-299252.97589182853699
-299256.60073733329773
-299260.22042500972748
-299263.83487677574158
-299267.44469368457794
-299271.04797971248627
-299274.64553189277649
-299278.23853397369385
-299281.82602906227112
-299285.40833854675293
-299288.98549473285675
-299292.55593371391296
-299296.12194108963013
-299299.6823399066925
-299303.23792779445648
-299306.78882467746735
-299310.33357954025269
-299313.87500631809235
-299317.41144800186157
-299320.94257032871246
-299324.46900570392609
-299327.99054503440857
-299331.50893235206604
-299335.02095448970795
-299338.52766108512878
-299342.03141367435455
-299345.53176641464233
-299349.02650129795074
-299352.51740348339081
-299356.00293743610382
-299359.48492634296417
-299362.96353089809418
-299366.43739175796509
-299369.90728223323822
-299373.37248563766479
-299376.832883477211
-299380.28881216049194
-299383.74027013778687
-299387.18900120258331
-299390.63318204879761
-299394.07317721843719
-299397.51047122478485
-299400.94278144836426
-299404.37150931358337
-299407.79696547985077
-299411.21776604652405
-299414.6358437538147
-299418.05052638053894
-299421.46092855930328
-299424.86774611473083
-299428.27273225784302
-299431.67265796661377
-299435.06836187839508
-299438.46044182777405
-299441.84841644763947
-299445.23326313495636
-299448.61517155170441
-299451.99366807937622
-299455.36791408061981
-299458.74069952964783
-299462.10875260829926
-299465.47433388233185
-299468.83630406856537
-299472.19484066963196
-299475.55151116847992
-299478.90499377250671
-299482.25428485870361
-299485.60210406780243
-299488.94513928890228
-299492.28481042385101
-299495.62145948410034
-299498.9550017118454
-299502.28687500953674
-299505.61624419689178
-299508.94244527816772
-299512.26554250717163
-299515.58501410484314
-299518.90127837657928
-299522.213623046875
-299525.52405488491058
-299528.830730676651
-299532.13368153572083
-299535.43423342704773
-299538.73265171051025
-299542.02853357791901
-299545.32178092002869
-299548.61254072189331
-299551.90099799633026
-299555.18585860729218
-299558.46772706508636
-299561.74675321578979
-299565.02319800853729
-299568.29656219482422
-299571.56902968883514
-299574.83668863773346
-299578.10294365882874
-299581.36754739284515
-299584.62991321086884
-299587.88851988315582
-299591.1438080072403
-299594.39699256420135
-299597.64832019805908
-299600.89736330509186
-299604.14387404918671
-299607.38743257522583
-299610.62931191921234
-299613.8678594827652
-299617.1039867401123
-299620.33817780017853
-299623.57081592082977
-299626.800616979599
-299630.02693235874176
-299633.2515025138855
-299636.47345864772797
-299639.69286453723907
-299642.91031229496002
-299646.12431728839874
-299649.33851826190948
-299652.54916393756866
-299655.75693595409393
-299658.96364617347717
-299662.16753971576691
-299665.36942064762115
-299668.56851100921631
-299671.76576805114746
-299674.96007812023163
-299678.15277624130249
-299681.34324193000793
-299684.53258514404297
-299687.7188915014267
-299690.90247976779938
-299694.08409929275513
-299697.26325833797455
-299700.43954455852509
-299703.61569774150848
-299706.78860831260681
-299709.96071982383728
-299713.12887728214264
-299716.29547786712646
-299719.46036672592163
-299722.62299227714539
-299725.78328800201416
-299728.94356644153595
-299732.10091865062714
-299735.2557156085968
-299738.40776467323303
-299741.55961954593658
-299744.7088760137558
-299747.8565810918808
-299751.00212287902832
-299754.14629578590393
-299757.2884429693222
-299760.42523801326752
-299763.56220030784607
-299766.69839954376221
-299769.83220517635345
-299772.96259164810181
-299776.09210157394409
-299779.21829879283905
-299782.34357750415802
-299785.46798932552338
-299788.59078812599182
-299791.71089088916779
-299794.83020198345184
-299797.94661724567413
-299801.06274843215942
-299804.17780590057373
-299807.28882610797882
-299810.4002206325531
-299813.50810253620148
-299816.61352825164795
-299819.71781504154205
-299822.82017254829407
-299825.92094600200653
-299829.02047801017761
-299832.11785745620728
-299835.21260917186737
-299838.30783820152283
-299841.40037155151367
-299844.48940992355347
-299847.5790102481842
-299850.66649341583252
-299853.75252676010132
-299856.83678448200226
-299859.91949343681335
-299862.99930644035339
-299866.07895922660828
-299869.15645968914032
-299872.23330521583557
-299875.30746006965637
-299878.38134109973907
-299881.45164036750793
-299884.52151727676392
-299887.58958852291107
-299890.6552220582962
-299893.72043192386627
-299896.78246283531189
-299899.84488761425018
-299902.90428900718689
-299905.96378040313721
-299909.02133858203888
-299912.07828330993652
-299915.1324006319046
-299918.18454051017761
-299921.23515486717224
-299924.28404784202576
-299927.33005630970001
-299930.37686622142792
-299933.42009723186493
-299936.46173298358917
-299939.50320494174957
-299942.54188323020935
-299945.58134329319
-299948.61798799037933
-299951.65457022190094
-299954.68812024593353
-299957.72033286094666
-299960.7516428232193
-299963.78009068965912
-299966.80818843841553
-299969.8337494134903
-299972.85763692855835
-299975.88134825229645
-299978.90457284450531
-299981.92418706417084
-299984.94470226764679
-299987.96321082115173
-299990.97922050952911
-299993.99273252487183
-299997.00486171245575
-300000.01787674427032
-300003.02842247486115
-300006.03852725028992
-300009.04530334472656
-300012.05150508880615
-300015.05790185928345
-300018.06272149085999
-300021.06542325019836
-300024.06566023826599
-300027.06588435173035
-300030.06353998184204
-300033.05911302566528
-300036.05340385437012
-300039.04741871356964
-300042.04013276100159
-300045.03086245059967
-300048.02003884315491
-300051.00891804695129
-300053.99656224250793
-300056.98323464393616
-300059.96734941005707
-300062.95025742053986
-300065.93137395381927
-300068.91241848468781
-300071.89218473434448
-300074.86996161937714
-300077.84735095500946
-300080.82101106643677
-300083.79592955112457
-300086.76959490776062
-300089.74084722995758
-300092.71139085292816
-300095.67790234088898
-300098.64430904388428
-300101.61262512207031
-300104.578537940979
-300107.54253804683685
-300110.50521230697632
-300113.46540033817291
-300116.42617249488831
-300119.38614118099213
-300122.34548699855804
-300125.30121052265167
-300128.25796949863434
-300131.21267318725586
-300134.16725337505341
-300137.11925768852234
-300140.06901681423187
-300143.01692163944244
-300145.96464908123016
-300148.90947771072388
-300151.85316264629364
-300154.79481792449951
-300157.73830807209015
-300160.67931747436523
-300163.61618411540985
-300166.55538833141327
-300169.49213993549347
-300172.42651915550232
-300175.36069881916046
-300178.2928022146225
-300181.22635138034821
-300184.1585636138916
-300187.08983266353607
-300190.01815104484558
-300192.94817471504211
-300195.87546610832214
-300198.80171835422516
-300201.72692513465881
-300204.65032052993774
-300207.57250571250916
-300210.49299967288971
-300213.41333031654358
-300216.33195316791534
-300219.2497044801712
-300222.16587519645691
-300225.08231103420258
-300227.99599146842957
-300230.9074729681015
-300233.81926834583282
-300236.73017644882202
-300239.63985812664032
-300242.54882061481476
-300245.45540189743042
-300248.36045098304749
-300251.26579689979553
-300254.16962563991547
-300257.07270646095276
-300259.97534704208374
-300262.87849020957947
-300265.77788519859314
-300268.67597591876984
-300271.57330727577209
-300274.46854829788208
-300277.36255645751953
-300280.25690031051636
-300283.14954042434692
-300286.0408810377121
-300288.93212425708771
-300291.82210004329681
-300294.71242821216583
-300297.59887444972992
-300300.48353350162506
-300303.37035083770752
-300306.25446331501007
-300309.13659656047821
-300312.01814591884613
-300314.8992463350296
-300317.77778828144073
-300320.65633761882782
-300323.53425991535187
-300326.40998005867004
-300329.28682947158813
-300332.16221654415131
-300335.03625249862671
-300337.90596675872803
-300340.77795779705048
-300343.64701724052429
-300346.51431047916412
-300349.38110136985779
-300352.24846303462982
-300355.11603724956512
-300357.98082053661346
-300360.84484755992889
-300363.70752334594727
-300366.56900930404663
-300369.42973661422729
-300372.29115259647369
-300375.15155243873596
-300378.00811123847961
-300380.86741256713867
-300383.72339332103729
-300386.57930278778076
-300389.43362557888031
-300392.2873899936676
-300395.13950061798096
-300397.98924171924591
-300400.83911180496216
-300403.68740153312683
-300406.53527724742889
-300409.38190984725952
-300412.22909498214722
-300415.07503080368042
-300417.91981303691864
-300420.7651686668396
-300423.60979413986206
-300426.45223844051361
-300429.29297506809235
-300432.13457238674164
-300434.97291207313538
-300437.81192827224731
-300440.65011918544769
-300443.48412251472473
-300446.31878674030304
-300449.152867436409
-300451.98266792297363
-300454.8135017156601
-300457.6435911655426
-300460.47103607654572
-300463.29844796657562
-300466.12672567367554
-300468.95280969142914
-300471.77737414836884
-300474.60197949409485
-300477.42588984966278
-300480.24908912181854
-300483.07075417041779
-300485.89247310161591
-300488.71003246307373
-300491.52756989002228
-300494.34322869777679
-300497.16009497642517
-300499.97416567802429
-300502.7889404296875
-300505.60358798503876
-300508.41611289978027
-300511.2272402048111
-300514.03958332538605
-300516.84805059432983
-300519.65649235248566
-300522.46405780315399
-300525.26998651027679
-300528.0764467716217
-300530.88114106655121
-300533.68352079391479
-300536.48871004581451
-300539.29177939891815
-300542.09229505062103
-300544.89199280738831
-300547.68944275379181
-300550.48831713199615
-300553.28686237335205
-300556.08311986923218
-300558.87916243076324
-300561.6726393699646
-300564.46614527702332
-300567.26006090641022
-300570.05116879940033
-300572.84253978729248
-300575.63035726547241
-300578.41903376579285
-300581.2055299282074
-300583.99399375915527
-300586.77981340885162
-300589.56520855426788
-300592.35055840015411
-300595.13354015350342
-300597.91635739803314
-300600.69705677032471
-300603.47791755199432
-300606.2561297416687
-300609.03402638435364
-300611.81101047992706
-300614.58897614479065
-300617.36365461349487
-300620.13993716239929
-300622.91454792022705
-300625.68791425228119
-300628.46107995510101
-300631.23354911804199
-300634.00387990474701
-300636.77358818054199
-300639.54180657863617
-300642.30928754806519
-300645.0756151676178
-300647.84141635894775
-300650.60551905632019
-300653.36938011646271
-300656.13358342647552
-300658.89672160148621
-300661.65969443321228
-300664.42159426212311
-300667.18181693553925
-300669.93933355808258
-300672.69748616218567
-300675.45445907115936
-300678.21083474159241
-300680.96731042861938
-300683.7214674949646
-300686.47506237030029
-300689.22973954677582
-300691.98171901702881
-300694.73331546783447
-300697.48240423202515
-300700.23297619819641
-300702.98190951347351
-300705.73222970962524
-300708.47873401641846
-300711.22324657440186
-300713.96765327453613
-300716.7133264541626
-300719.45784318447113
-300722.19966816902161
-300724.94213008880615
-300727.68180310726166
-300730.42112231254578
-300733.16077256202698
-300735.90086495876312
-300738.6379576921463
-300741.37362849712372
-300744.11113834381104
-300746.8454372882843
-300749.57881009578705
-300752.31029915809631
-300755.04168665409088
-300757.77245485782623
-300760.50586593151093
-300763.23703908920288
-300765.96709084510803
-300768.69409239292145
-300771.42022216320038
-300774.14559924602509
-300776.87177538871765
-300779.5986555814743
-300782.32391691207886
-300785.04689919948578
-300787.77065086364746
-300790.49302327632904
-300793.21661257743835
-300795.93948137760162
-300798.66024959087372
-300801.38025987148285
-300804.09813320636749
-300806.81469821929932
-300809.53198862075806
-300812.24946689605713
-300814.96514582633972
-300817.67876434326172
-300820.38813781738281
-300823.09934294223785
-300825.81107318401337
-300828.51881742477417
-300831.22988939285278
-300833.9379962682724
-300836.64514446258545
-300839.35142230987549
-300842.0564079284668
-300844.7626439332962
-300847.46724665164948
-300850.17113471031189
-300852.87396323680878
-300855.5746796131134
-300858.27580678462982
-300860.97723007202148
-300863.67707824707031
-300866.37753522396088
-300869.07505750656128
-300871.771329164505
-300874.46998417377472
-300877.1675751209259
-300879.86190938949585
-300882.55509185791016
-300885.246910572052
-300887.93882036209106
-300890.63091635704041
-300893.31999695301056
-300896.00930571556091
-300898.69843852519989
-300901.38819003105164
-300904.0782310962677
-300906.76477038860321
-300909.45003032684326
-300912.13312888145447
-300914.81597995758057
-300917.49909913539886
-300920.18027758598328
-300922.86108458042145
-300925.53924882411957
-300928.21867275238037
-300930.89697003364563
-300933.57619249820709
-300936.25264155864716
-300938.93015575408936
-300941.60669493675232
-300944.27954030036926
-300946.95440530776978
-300949.62871742248535
-300952.30293583869934
-300954.97564888000488
-300957.64598393440247
-300960.31497085094452
-300962.9831690788269
-300965.6505960226059
-300968.31979751586914
-300970.98893666267395
-300973.65470039844513
-300976.31935441493988
-300978.98412263393402
-300981.64788401126862
-300984.31151783466339
-300986.97268927097321
-300989.63299059867859
-300992.29300618171692
-300994.95288264751434
-300997.61165857315063
-301000.26995384693146
-301002.92649626731873
-301005.58137118816376
-301008.23687469959259
-301010.88974702358246
-301013.54203009605408
-301016.19481587409973
-301018.84746122360229
-301021.49844372272491
-301024.1461455821991
-301026.79598069190979
-301029.4445184469223
-301032.0928395986557
-301034.74142587184906
-301037.38846588134766
-301040.0338853597641
-301042.67642080783844
-301045.3195059299469
-301047.96505665779114
-301050.60803556442261
-301053.25084829330444
-301055.89360952377319
-301058.53571510314941
-301061.17674767971039
-301063.81576216220856
-301066.45412707328796
-301069.09193849563599
-301071.7292799949646
-301074.36317384243011
-301077.00003564357758
-301079.63328349590302
-301082.26659440994263
-301084.89989519119263
-301087.53396987915039
-301090.16390824317932
-301092.79383063316345
-301095.42172992229462
-301098.04925715923309
-301100.67737364768982
-301103.30367016792297
-301105.92658650875092
-301108.55105102062225
-301111.17718160152435
-301113.8024730682373
-301116.42755258083344
-301119.05043411254883
-301121.67260146141052
-301124.2922101020813
-301126.9108635187149
-301129.53037321567535
-301132.14867699146271
-301134.7678701877594
-301137.38521146774292
-301140.00190591812134
-301142.61867010593414
-301145.23231077194214
-301147.84832048416138
-301150.46065557003021
-301153.07401120662689
-301155.68450224399567
-301158.29585814476013
-301160.90537905693054
-301163.51354742050171
-301166.12250185012817
-301168.7301230430603
-301171.34042346477509
-301173.94812273979187
-301176.55340623855591
-301179.15624737739563
-301181.75953125953674
-301184.36278855800629
-301186.96379494667053
-301189.56625688076019
-301192.16650140285492
-301194.76573586463928
-301197.36668705940247
-301199.96521520614624
-301202.5613135099411
-301205.15773797035217
-301207.75529277324677
-301210.35092484951019
-301212.94487309455872
-301215.53908741474152
-301218.13233304023743
-301220.72405099868774
-301223.31778931617737
-301225.91001427173615
-301228.50074231624603
-301231.08954787254333
-301233.67788672447205
-301236.26696050167084
-301238.85683143138885
-301241.44418203830719
-301244.02894699573517
-301246.61295688152313
-301249.1965457201004
-301251.78009128570557
-301254.3641939163208
-301256.94341659545898
-301259.52788579463959
-301262.10768675804138
-301264.68673646450043
-301267.26192045211792
-301269.84088468551636
-301272.41408836841583
-301274.99046087265015
-301277.56757068634033
-301280.14119493961334
-301282.7148163318634
-301285.28918087482452
-301287.85998916625977
-301290.42862784862518
-301292.99769914150238
-301295.56546401977539
-301298.13249385356903
-301300.70221710205078
-301303.26989722251892
-301305.83633732795715
-301308.40340828895569
-301310.97053897380829
-301313.53108596801758
-301316.09186816215515
-301318.65714168548584
-301321.22070288658142
-301323.78153312206268
-301326.341104388237
-301328.89942049980164
-301331.45690190792084
-301334.01483929157257
-301336.57356429100037
-301339.12834405899048
-301341.68363618850708
-301344.2399719953537
-301346.79789996147156
-301349.35004234313965
-301351.90162289142609
-301354.45479762554169
-301357.00619459152222
-301359.55613696575165
-301362.10443472862244
-301364.65204870700836
-301367.19831383228302
-301369.74289917945862
-301372.28968322277069
-301374.83464062213898
-301377.37813687324524
-301379.92063796520233
-301382.46366095542908
-301385.0049215555191
-301387.54646897315979
-301390.08153688907623
-301392.62274849414825
-301395.16176748275757
-301397.70145285129547
-301400.23834979534149
-301402.77608299255371
-301405.31205606460571
-301407.84897267818451
-301410.38396334648132
-301412.91642224788666
-301415.44988429546356
-301417.98509657382965
-301420.51696062088013
-301423.04898643493652
-301425.58131241798401
-301428.10988342761993
-301430.64047074317932
-301433.16684317588806
-301435.69666922092438
-301438.2209757566452
-301440.74818682670593
-301443.27426910400391
-301445.79632568359375
-301448.32130646705627
-301450.84279644489288
-301453.36671054363251
-301455.88598465919495
-301458.40350615978241
-301460.92361378669739
-301463.4422619342804
-301465.95980429649353
-301468.47545683383942
-301470.99226450920105
-301473.50800371170044
-301476.0221928358078
-301478.53814506530762
-301481.05193150043488
-301483.56318879127502
-301486.07295632362366
-301488.58554208278656
-301491.09207475185394
-301493.60130608081818
-301496.11208927631378
-301498.6196870803833
-301501.12437760829926
-301503.62906658649445
-301506.13269746303558
-301508.63729703426361
-301511.14027643203735
-301513.64343070983887
-301516.14640867710114
-301518.64967167377472
-301521.14932036399841
-301523.64760732650757
-301526.14559018611908
-301528.64384436607361
-301531.14001762866974
-301533.63549661636353
-301536.13133525848389
-301538.62859618663788
-301541.12298345565796
-301543.61839878559113
-301546.11410999298096
-301548.60508513450623
-301551.09718823432922
-301553.58864974975586
-301556.07688271999359
-301558.56257033348083
-301561.05152368545532
-301563.54177033901215
-301566.0269820690155
-301568.51404178142548
-301570.99906468391418
-301573.48444437980652
-301575.96836602687836
-301578.45035517215729
-301580.93323135375977
-301583.41461169719696
-301585.89307415485382
-301588.37418675422668
-301590.85264444351196
-301593.32815074920654
-301595.80555963516235
-301598.2821968793869
-301600.75635063648224
-301603.23268568515778
-301605.70357930660248
-301608.17666482925415
-301610.64830601215363
-301613.12095439434052
-301615.59227180480957
-301618.06418061256409
-301620.53493773937225
-301623.00187015533447
-301625.46818292140961
-301627.93726539611816
-301630.40401554107666
-301632.86561512947083
-301635.32931590080261
-301637.79402685165405
-301640.25715458393097
-301642.72114813327789
-301645.18291211128235
-301647.64282274246216
-301650.09942924976349
-301652.55850648880005
-301655.01266181468964
-301657.46788358688354
-301659.92182862758636
-301662.37837374210358
-301664.83161842823029
-301667.28543198108673
-301669.74031102657318
-301672.19365644454956
-301674.64463770389557
-301677.09614050388336
-301679.54679811000824
-301681.99676895141602
-301684.44602715969086
-301686.89502847194672
-301689.34160220623016
-301691.78780436515808
-301694.22985303401947
-301696.67145097255707
-301699.11305952072144
-301701.55718970298767
-301704.00157368183136
-301706.44293057918549
-301708.88245868682861
-301711.32114613056183
-301713.75642800331116
-301716.19255828857422
-301718.62808918952942
-301721.06083834171295
-301723.49875748157501
-301725.93326830863953
-301728.36944043636322
-301730.80091905593872
-301733.23282420635223
-301735.66270613670349
-301738.09220159053802
-301740.52115631103516
-301742.95087885856628
-301745.37783074378967
-301747.80430543422699
-301750.22941446304321
-301752.65664720535278
-301755.07799637317657
-301757.5031772851944
-301759.92494928836823
-301762.34871292114258
-301764.77045607566833
-301767.19092488288879
-301769.61021912097931
-301772.02956485748291
-301774.44927406311035
-301776.86613190174103
-301779.28384971618652
-301781.70002448558807
-301784.11475718021393
-301786.53173339366913
-301788.94660460948944
-301791.36017417907715
-301793.77448832988739
-301796.18801784515381
-301798.59901010990143
-301801.00949776172638
-301803.4182094335556
-301805.82359397411346
-301808.22728765010834
-301810.63190340995789
-301813.0363963842392
-301815.43821907043457
-301817.84323871135712
-301820.24661505222321
-301822.65081131458282
-301825.05432868003845
-301827.45318257808685
-301829.8515567779541
-301832.25111782550812
-301834.65102672576904
-301837.04649436473846
-301839.4392421245575
-301841.83495342731476
-301844.23040330410004
-301846.62360394001007
-301849.01380300521851
-301851.40575623512268
-301853.79413557052612
-301856.18295073509216
-301858.57556855678558
-301860.96282839775085
-301863.35384261608124
-301865.74023139476776
-301868.12540805339813
-301870.50932443141937
-301872.88835954666138
-301875.27085709571838
-301877.65321040153503
-301880.03506362438202
-301882.41245102882385
-301884.79211378097534
-301887.16983139514923
-301889.54759168624878
-301891.92457640171051
-301894.30455434322357
-301896.68171286582947
-301899.05664944648743
-301901.43222975730896
-301903.80597424507141
-301906.17564058303833
-301908.54806625843048
-301910.92257964611053
-301913.29121458530426
-301915.65836703777313
-301918.02710294723511
-301920.39357936382294
-301922.7572033405304
-301925.12137341499329
-301927.48632919788361
-301929.85381364822388
-301932.21606540679932
-301934.57699751853943
-301936.93842625617981
-301939.29937338829041
-301941.66059195995331
-301944.01697266101837
-301946.37495529651642
-301948.73163652420044
-301951.08786451816559
-301953.44624865055084
-301955.79962348937988
-301958.15346765518188
-301960.50502157211304
-301962.85577261447906
-301965.20494842529297
-301967.5581339597702
-301969.9050178527832
-301972.25533318519592
-301974.60541558265686
-301976.95206940174103
-301979.29755938053131
-301981.645352602005
-301983.98659765720367
-301986.32905471324921
-301988.66896033287048
-301991.00881922245026
-301993.34499537944794
-301995.68290150165558
-301998.02014410495758
-302000.35522735118866
-302002.68925762176514
-302005.02386248111725
-302007.35795724391937
-302009.68871247768402
-302012.02235281467438
-302014.35785496234894
-302016.69031095504761
-302019.01730525493622
-302021.3472273349762
-302023.67628145217896
-302026.00511395931244
-302028.32945811748505
-302030.6536500453949
-302032.97992551326752
-302035.30433106422424
-302037.62595593929291
-302039.94937229156494
-302042.26705956459045
-302044.58976876735687
-302046.91105544567108
-302049.229128241539
-302051.5459189414978
-302053.86213779449463
-302056.17734158039093
-302058.4951605796814
-302060.80918312072754
-302063.11693489551544
-302065.4268536567688
-302067.73359346389771
-302070.04094171524048
-302072.35025203227997
-302074.65874028205872
-302076.96562683582306
-302079.27392172813416
-302081.57637941837311
-302083.88208878040314
-302086.18652415275574
-302088.48783433437347
-302090.78945803642273
-302093.08639454841614
-302095.38546371459961
-302097.68570196628571
-302099.98154270648956
-302102.27777087688446
-302104.56965172290802
-302106.86246812343597
-302109.15637838840485
-302111.44462716579437
-302113.73561596870422
-302116.02882277965546
-302118.31836652755737
-302120.60817909240723
-302122.89492070674896
-302125.17985594272614
-302127.47028887271881
-302129.75428521633148
-302132.03554129600525
-302134.31881332397461
-302136.59721493721008
-302138.87984979152679
-302141.15699899196625
-302143.43384253978729
-302145.71161484718323
-302147.98723471164703
-302150.26022624969482
-302152.53492045402527
-302154.80969369411469
-302157.08007204532623
-302159.35286152362823
-302161.62399053573608
-302163.89910411834717
-302166.16811430454254
-302168.43791902065277
-302170.70488739013672
-302172.97139871120453
-302175.24027740955353
-302177.50221264362335
-302179.76421201229095
-302182.02459573745728
-302184.28203010559082
-302186.54237079620361
-302188.80205023288727
-302191.05821406841278
-302193.31478786468506
-302195.56953728199005
-302197.82356631755829
-302200.08230447769165
-302202.33804142475128
-302204.58929991722107
-302206.83917808532715
-302209.08855831623077
-302211.33828485012054
-302213.58426737785339
-302215.82858467102051
-302218.07426929473877
-302220.32317507266998
-302222.56522798538208
-302224.81006109714508
-302227.05211222171783
-302229.29429543018341
-302231.53544485569
-302233.77475929260254
-302236.0152188539505
-302238.25110828876495
-302240.48718535900116
-302242.72439014911652
-302244.95984697341919
-302247.19414269924164
-302249.42709350585938
-302251.65561473369598
-302253.88460648059845
-302256.10913193225861
-302258.33558988571167
-302260.56308472156525
-302262.78360223770142
-302265.00894570350647
-302267.23112154006958
-302269.45678770542145
-302271.68045938014984
-302273.90346014499664
-302276.12253987789154
-302278.34325063228607
-302280.5634890794754
-302282.78074872493744
-302284.99734139442444
-302287.21101176738739
-302289.42137348651886
-302291.633709192276
-302293.84414827823639
-302296.0521023273468
-302298.25699985027313
-302300.4684464931488
-302302.67645394802094
-302304.88257551193237
-302307.09111034870148
-302309.29386961460114
-302311.49750447273254
-302313.69848239421844
-302315.90217089653015
-302318.10679888725281
-302320.30544698238373
-302322.50068283081055
-302324.69619584083557
-302326.89738965034485
-302329.09012579917908
-302331.28351330757141
-302333.47735261917114
-302335.66741573810577
-302337.8545982837677
-302340.04268836975098
-302342.23270845413208
-302344.41750478744507
-302346.60530948638916
-302348.78613674640656
-302350.97467398643494
-302353.15767562389374
-302355.33826994895935
-302357.52287435531616
-302359.70505559444427
-302361.88481974601746
-302364.06131219863892
-302366.24138307571411
-302368.41570401191711
-302370.59227800369263
-302372.76471340656281
-302374.9375547170639
-302377.10975325107574
-302379.2796835899353
-302381.45168673992157
-302383.61477732658386
-302385.77744197845459
-302387.94629240036011
-302390.10663676261902
-302392.26804506778717
-302394.42845726013184
-302396.58892512321472
-302398.74271619319916
-302400.90199756622314
-302403.05813896656036
-302405.21395289897919
-302407.3711005449295
-302409.5270916223526
-302411.67930066585541
-302413.82962226867676
-302415.97967922687531
-302418.13059329986572
-302420.27705383300781
-302422.4214094877243
-302424.56881237030029
-302426.71009755134583
-302428.85322070121765
-302430.99473321437836
-302433.13477051258087
-302435.2743444442749
-302437.4127311706543
-302439.5499552488327
-302441.68517661094666
-302443.81894659996033
-302445.95173275470734
-302448.08342838287354
-302450.20973014831543
-302452.33619475364685
-302454.46212327480316
-302456.58686721324921
-302458.7082245349884
-302460.82941901683807
-302462.95320951938629
-302465.07366549968719
-302467.19370603561401
-302469.31388020515442
-302471.43107092380524
-302473.54662668704987
-302475.65830361843109
-302477.77453410625458
-302479.88813817501068
-302482.0000547170639
-302484.11269652843475
-302486.22310864925385
-302488.32935106754303
-302490.43964552879333
-302492.54328584671021
-302494.6498396396637
-302496.75051736831665
-302498.85301327705383
-302500.95424485206604
-302503.05284154415131
-302505.15142369270325
-302507.24722361564636
-302509.33951473236084
-302511.43442964553833
-302513.52774393558502
-302515.62117254734039
-302517.71369600296021
-302519.80151605606079
-302521.89020395278931
-302523.973872423172
-302526.06004476547241
-302528.14132571220398
-302530.22746133804321
-302532.30956733226776
-302534.39049899578094
-302536.47468733787537
-302538.55244600772858
-302540.628138422966
-302542.7025089263916
-302544.77501952648163
-302546.84770047664642
-302548.92135512828827
-302550.99058425426483
-302553.06118750572205
-302555.13161528110504
-302557.19941735267639
-302559.25976490974426
-302561.32063174247742
-302563.38170945644379
-302565.44729554653168
-302567.50783383846283
-302569.56227827072144
-302571.62166249752045
-302573.6796327829361
-302575.73566901683807
-302577.78703844547272
-302579.83510601520538
-302581.88662338256836
-302583.93777859210968
-302585.99056899547577
-302588.03723132610321
-302590.08132982254028
-302592.12264335155487
-302594.17343890666962
-302596.21343815326691
-302598.24964487552643
-302600.28943204879761
-302602.32748711109161
-302604.35946536064148
-302606.39297068119049
-302608.42777037620544
-302610.45821952819824
-302612.48397445678711
-302614.50870168209076
-302616.53856933116913
-302618.56310963630676
-302620.58620882034302
-302622.60945987701416
-302624.62929773330688
-302626.64755713939667
-302628.66594278812408
-302630.68378114700317
-302632.70359563827515
-302634.71792566776276
-302636.72606039047241
-302638.74240481853485
-302640.75310897827148
-302642.76220691204071
-302644.76924884319305
-302646.77649474143982
-302648.7810492515564
-302650.78455209732056
-302652.78447771072388
-302654.78934907913208
-302656.78420603275299
-302658.78465533256531
-302660.78632640838623
-302662.78189301490784
-302664.77941238880157
-302666.77310228347778
-302668.76479089260101
-302670.75279581546783
-302672.74199795722961
-302674.73171150684357
-302676.71605122089386
-302678.70116686820984
-302680.67896831035614
-302682.65604960918427
-302684.63128352165222
-302686.605544090271
-302688.58404302597046
-302690.5562447309494
-302692.52689647674561
-302694.50103008747101
-302696.47162914276123
-302698.43926346302032
-302700.39861559867859
-302702.36330020427704
-302704.32702255249023
-302706.29579675197601
-302708.26276111602783
-302710.22636830806732
-302712.18619680404663
-302714.14342880249023
-302716.09590327739716
-302718.04975008964539
-302720.00817692279816
-302721.9633207321167
-302723.91284227371216
-302725.86105191707611
-302727.80949854850769
-302729.75317859649658
-302731.69756662845612
-302733.64302754402161
-302735.57869744300842
-302737.51569223403931
-302739.44704723358154
-302741.38213419914246
-302743.31838655471802
-302745.25205266475677
-302747.18057286739349
-302749.10967648029327
-302751.04040849208832
-302752.9615865945816
-302754.88747251033783
-302756.80626380443573
-302758.7279691696167
-302760.64624130725861
-302762.56690335273743
-302764.4817761182785
-302766.39964258670807
-302768.31087350845337
-302770.22655475139618
-302772.13414287567139
-302774.04372990131378
-302775.95821499824524
-302777.86480534076691
-302779.7683197259903
-302781.66818511486053
-302783.56603193283081
-302785.46563827991486
-302787.36274862289429
-302789.25101184844971
-302791.14493703842163
-302793.03640329837799
-302794.92924010753632
-302796.81966185569763
-302798.71247112751007
-302800.5968132019043
-302802.47791945934296
-302804.36132335662842
-302806.24111413955688
-302808.11493253707886
-302809.9924772977829
-302811.86782419681549
-302813.73767423629761
-302815.61552286148071
-302817.48217833042145
-302819.35482084751129
-302821.22225797176361
-302823.08422958850861
-302824.95220577716827
-302826.81598901748657
-302828.67785894870758
-302830.53580725193024
-302832.39062857627869
-302834.24527633190155
-302836.10332930088043
-302837.95231056213379
-302839.80402719974518
-302841.6585613489151
-302843.50660061836243
-302845.35458278656006
-302847.19626581668854
-302849.03766882419586
-302850.88089573383331
-302852.72234988212585
-302854.55569529533386
-302856.39521634578705
-302858.22984886169434
-302860.06040620803833
-302861.89957642555237
-302863.72491931915283
-302865.55089247226715
-302867.37404549121857
-302869.19739592075348
-302871.01295185089111
-302872.82708466053009
-302874.6456550359726
-302876.46253681182861
-302878.27158582210541
-302880.08370816707611
-302881.89301514625549
-302883.70648956298828
-302885.51363849639893
-302887.31966006755829
-302889.12769031524658
-302890.92429172992706
-302892.72517108917236
-302894.52312839031219
-302896.32580602169037
-302898.1246702671051
-302899.91789960861206
-302901.71227884292603
-302903.50462365150452
-302905.2905365228653
-302907.08153200149536
-302908.86410510540009
-302910.64352655410767
-302912.41816222667694
-302914.19886291027069
-302915.9697459936142
-302917.74716579914093
-302919.51644611358643
-302921.28172385692596
-302923.05125403404236
-302924.81915259361267
-302926.58502411842346
-302928.34504354000092
-302930.10549914836884
-302931.86499929428101
-302933.61789870262146
-302935.379922747612
-302937.12884974479675
-302938.87888121604919
-302940.62464916706085
-302942.36912488937378
-302944.11595618724823
-302945.86007475852966
-302947.60773062705994
-302949.35303711891174
-302951.08777797222137
-302952.83013892173767
-302954.56253278255463
-302956.29051077365875
-302958.02437853813171
-302959.74864637851715
-302961.4726734161377
-302963.19469976425171
-302964.91183304786682
-302966.62902426719666
-302968.35057508945465
-302970.06911385059357
-302971.78438866138458
-302973.50113081932068
-302975.2115797996521
-302976.92809665203094
-302978.63589584827423
-302980.34384047985077
-302982.0490585565567
-302983.75132846832275
-302985.45292723178864
-302987.14134228229523
-302988.83448469638824
-302990.53126394748688
-302992.22479474544525
-302993.90706861019135
-302995.58695006370544
-302997.26821219921112
-302998.94721746444702
-303000.6267923116684
-303002.29527342319489
-303003.96733021736145
-303005.63837790489197
-303007.30969834327698
-303008.96121251583099
-303010.6235579252243
-303012.28774726390839
-303013.94700658321381
-303015.60182499885559
-303017.25061857700348
-303018.90513134002686
-303020.55009829998016
-303022.2049720287323
-303023.84934449195862
-303025.49468815326691
-303027.13714110851288
-303028.79033732414246
-303030.42844700813293
-303032.06288683414459
-303033.69325399398804
-303035.32925081253052
-303036.95796704292297
-303038.57757902145386
-303040.19590640068054
-303041.82062232494354
-303043.43950033187866
-303045.05421352386475
-303046.66743147373199
-303048.27535319328308
-303049.88077759742737
-303051.490842461586
-303053.09090292453766
-303054.69062626361847
-303056.2888491153717
-303057.89000952243805
-303059.47848927974701
-303061.07605171203613
-303062.66117095947266
-303064.24954569339752
-303065.83904671669006
-303067.42433166503906
-303069.01069164276123
-303070.59443640708923
-303072.17504191398621
-303073.74535131454468
-303075.31723380088806
-303076.889195561409
-303078.45880210399628
-303080.01350033283234
-303081.57552933692932
-303083.13466393947601
-303084.68907296657562
-303086.2261780500412
-303087.77427971363068
-303089.31830608844757
-303090.86661863327026
-303092.39820897579193
-303093.93112623691559
-303095.466313123703
-303097.00912654399872
-303098.53497219085693
-303100.05943095684052
-303101.58268892765045
-303103.10725212097168
-303104.619877576828
-303106.13704967498779
-303107.64334607124329
