-181738.15172982215881
-181745.80190062522888
-181752.07227611541748
-181757.90805816650391
-181763.44106531143188
-181768.74934029579163
-181773.87530064582825
-181778.8453825712204
-181783.6794900894165
-181788.39335668087006
-181793.00049757957458
-181797.51067852973938
-181801.93273317813873
-181806.27367210388184
-181810.53850150108337
-181814.73385524749756
-181818.862828373909
-181822.92837917804718
-181826.93537986278534
-181830.88748300075531
-181834.78792667388916
-181838.63781249523163
-181842.4398227930069
-181846.1970841884613
-181849.90975964069366
-181853.57982385158539
-181857.20855557918549
-181860.79863393306732
-181864.35012805461884
-181867.86560118198395
-181871.34570896625519
-181874.79118978977203
-181878.20465517044067
-181881.58533251285553
-181884.93510818481445
-181888.25487685203552
-181891.54582548141479
-181894.80726754665375
-181898.04014933109283
-181901.24500298500061
-181904.4233775138855
-181907.57636642456055
-181910.70362746715546
-181913.80573964118958
-181916.88381290435791
-181919.93764698505402
-181922.96761155128479
-181925.97451555728912
-181928.95948505401611
-181931.92251801490784
-181934.86428892612457
-181937.78503012657166
-181940.68489146232605
-181943.56471812725067
-181946.42292368412018
-181949.26206791400909
-181952.08148813247681
-181954.88289248943329
-181957.66543328762054
-181960.4285374879837
-181963.17502844333649
-181965.90291309356689
-181968.61259746551514
-181971.30525255203247
-181973.98053467273712
-181976.63895487785339
-181979.28086638450623
-181981.90580606460571
-181984.51457345485687
-181987.10799634456635
-181989.68607378005981
-181992.2481427192688
-181994.7946240901947
-181997.32691705226898
-181999.84306573867798
-182002.3454293012619
-182004.83322811126709
-182007.30617570877075
-182009.76536452770233
-182012.20948374271393
-182014.63983070850372
-182017.05617713928223
-182019.45928382873535
-182021.84949910640717
-182024.22654986381531
-182026.59021496772766
-182028.94063794612885
-182031.27811849117279
-182033.60227453708649
-182035.91467142105103
-182038.2147821187973
-182040.50251114368439
-182042.77632117271423
-182045.03872835636139
-182047.28883421421051
-182049.52794897556305
-182051.75587129592896
-182053.97192633152008
-182056.17511069774628
-182058.36768782138824
-182060.5482851266861
-182062.71904075145721
-182064.87816846370697
-182067.02547454833984
-182069.16225755214691
-182071.28872001171112
-182073.40438425540924
-182075.50941598415375
-182077.6040643453598
-182079.68829679489136
-182081.76038467884064
-182083.82270729541779
-182085.87543702125549
-182087.91779577732086
-182089.95048046112061
-182091.97338235378265
-182093.98590683937073
-182095.98817622661591
-182097.97984683513641
-182099.96234917640686
-182101.93553853034973
-182103.89926087856293
-182105.853431224823
-182107.79802656173706
-182109.73398721218109
-182111.65909910202026
-182113.57610881328583
-182115.48401236534119
-182117.38330185413361
-182119.27330029010773
-182121.1548980474472
-182123.02666163444519
-182124.88842582702637
-182126.74263751506805
-182128.58735120296478
-182130.42527556419373
-182132.25237739086151
-182134.07224321365356
-182135.88376367092133
-182137.68634259700775
-182139.4803740978241
-182141.26564764976501
-182143.04241442680359
-182144.80993759632111
-182146.57040464878082
-182148.32294368743896
-182150.06708943843842
-182151.80229127407074
-182153.53029823303223
-182155.24962079524994
-182156.96051526069641
-182158.66470730304718
-182160.36163735389709
-182162.05110669136047
-182163.7312513589859
-182165.40411448478699
-182167.06971800327301
-182168.72690522670746
-182170.37590658664703
-182172.01803171634674
-182173.65347063541412
-182175.28175890445709
-182176.90060746669769
-182178.51365780830383
-182180.11924779415131
-182181.71653568744659
-182183.31068563461304
-182184.89519572257996
-182186.47035777568817
-182188.04082882404327
-182189.6030398607254
-182191.15918290615082
-182192.70771133899689
-182194.24791860580444
-182195.78216755390167
-182197.30895495414734
-182198.82842409610748
-182200.34158945083618
-182201.84797167778015
-182203.34929060935974
-182204.84196722507477
-182206.32822525501251
-182207.8082492351532
-182209.28074645996094
-182210.74868786334991
-182212.2093768119812
-182213.662602186203
-182215.10880255699158
-182216.5489981174469
-182217.98098266124725
-182219.40741193294525
-182220.82759273052216
-182222.24331319332123
-182223.65202653408051
-182225.05362617969513
-182226.44696509838104
-182227.83744513988495
-182229.22019422054291
-182230.59683048725128
-182231.96576631069183
-182233.33037400245667
-182234.68740022182465
-182236.03917479515076
-182237.3834593296051
-182238.72384357452393
-182240.0559515953064
-182241.38323163986206
-182242.70505809783936
-182244.01861667633057
-182245.32803845405579
-182246.62936305999756
-182247.9249564409256
-182249.21429300308228
-182250.49816942214966
-182251.77673947811127
-182253.0508599281311
-182254.31927442550659
-182255.58129608631134
-182256.83779287338257
-182258.08679604530334
-182259.33040916919708
-182260.5692275762558
-182261.80229449272156
-182263.03012871742249
-182264.25374507904053
-182265.46955752372742
-182266.6797593832016
-182267.88438677787781
-182269.08300161361694
-182270.27643752098083
-182271.46399021148682
-182272.64798140525818
-182273.82408678531647
-182274.99629700183868
-182276.16175806522369
-182277.32440614700317
-182278.48010170459747
-182279.62748789787292
-182280.77081120014191
-182281.9113963842392
-182283.04572558403015
-182284.17511510848999
-182285.29743683338165
-182286.41445350646973
-182287.52661681175232
-182288.63503193855286
-182289.73791182041168
-182290.83236753940582
-182291.92384874820709
-182293.00923013687134
-182294.08729791641235
-182295.16088724136353
-182296.23212897777557
-182297.29685246944427
-182298.35762155056
-182299.41219556331635
-182300.45978629589081
-182301.50407683849335
-182302.54150378704071
-182303.57510042190552
-182304.60216557979584
-182305.62613141536713
-182306.64608824253082
-182307.65915310382843
-182308.66911745071411
-182309.67291784286499
-182310.67212021350861
-182311.66562950611115
-182312.65597450733185
-182313.64117586612701
-182314.62103378772736
-182315.59433209896088
-182316.56328105926514
-182317.52918350696564
-182318.48997616767883
-182319.44356548786163
-182320.39139020442963
-182321.3377400636673
-182322.27775847911835
-182323.21204578876495
-182324.1430903673172
-182325.0678973197937
-182325.99016892910004
-182326.90604960918427
-182327.81858551502228
-182328.72557151317596
-182329.62547612190247
-182330.52201962471008
-182331.41434001922607
-182332.30110895633698
-182333.18271327018738
-182334.0611754655838
-182334.93325817584991
-182335.80063498020172
-182336.66282784938812
-182337.52203178405762
-182338.37730717658997
-182339.22765123844147
-182340.07323634624481
-182340.91138219833374
-182341.74750471115112
-182342.57978796958923
-182343.40442585945129
-182344.2263263463974
-182345.04516363143921
-182345.85912191867828
-182346.66869056224823
-182347.47251915931702
-182348.27121996879578
-182349.06454229354858
-182349.85639154911041
-182350.64185011386871
-182351.42271721363068
-182352.19756472110748
-182352.96999001502991
-182353.73638141155243
-182354.49768495559692
-182355.25669455528259
-182356.01238238811493
-182356.76208543777466
-182357.5071222782135
-182358.24788808822632
-182358.982794880867
-182359.71373212337494
-182360.43994140625
-182361.1635764837265
-182361.88050329685211
-182362.59518301486969
-182363.30345606803894
-182364.01126265525818
-182364.71084785461426
-182365.40811085700989
-182366.100172996521
-182366.78802049160004
-182367.47064924240112
-182368.15082323551178
-182368.8238513469696
-182369.49518442153931
-182370.16113686561584
-182370.82254445552826
-182371.47738015651703
-182372.13043832778931
-182372.78170692920685
-182373.42579030990601
-182374.06747448444366
-182374.70415008068085
-182375.33748054504395
-182375.96577048301697
-182376.59124970436096
-182377.21007239818573
-182377.8263612985611
-182378.43939900398254
-182379.04476952552795
-182379.64621376991272
-182380.24329161643982
-182380.83857750892639
-182381.42953026294708
-182382.01573324203491
-182382.59677636623383
-182383.17263472080231
-182383.74405264854431
-182384.31109726428986
-182384.87807488441467
-182385.43847155570984
-182385.99237775802612
-182386.54442453384399
-182387.09291851520538
-182387.63671588897705
-182388.17432045936584
-182388.70569372177124
-182389.23793709278107
-182389.76261782646179
-182390.28361904621124
-182390.80136668682098
-182391.31412780284882
-182391.82338261604309
-182392.3291198015213
-182392.83102667331696
-182393.32918035984039
-182393.82195484638214
-182394.31239926815033
-182394.79690456390381
-182395.27657198905945
-182395.75616753101349
-182396.2279098033905
-182396.69534122943878
-182397.16017627716064
-182397.62093031406403
-182398.07929229736328
-182398.52858006954193
-182398.97383308410645
-182399.41857194900513
-182399.85614824295044
-182400.29173350334167
-182400.72112679481506
-182401.14697217941284
-182401.56799137592316
-182401.98467934131622
-182402.39608705043793
-182402.80466783046722
-182403.21019124984741
-182403.61510932445526
-182404.01117396354675
-182404.40380430221558
-182404.7935243844986
-182405.17657065391541
-182405.5547331571579
-182405.93137741088867
-182406.30252361297607
-182406.67051649093628
-182407.03508448600769
-182407.39647841453552
-182407.75300395488739
-182408.10541164875031
-182408.45605611801147
-182408.80063486099243
-182409.14055693149567
-182409.47740197181702
-182409.80792438983917
-182410.13724565505981
-182410.46242535114288
-182410.77926242351532
-182411.0918345451355
-182411.40173947811127
-182411.70862185955048
-182412.01148331165314
-182412.30558812618256
-182412.59857273101807
-182412.8894909620285
-182413.17609822750092
-182413.45769131183624
-182413.73553788661957
-182414.0083224773407
-182414.27837634086609
-182414.54488825798035
-182414.80494117736816
-182415.06109261512756
-182415.31342196464539
-182415.56288135051727
-182415.80649781227112
-182416.04773509502411
-182416.28538405895233
-182416.5170111656189
-182416.74439227581024
-182416.96796178817749
-182417.1884742975235
-182417.40300595760345
-182417.61665201187134
-182417.82459080219269
-182418.03074204921722
-182418.22954893112183
-182418.42517983913422
-182418.61377573013306
-182418.79814624786377
-182418.98157322406769
-182419.1620489358902
-182419.33905506134033
-182419.51178395748138
-182419.67848181724548
-182419.84238040447235
-182420.00254881381989
-182420.16009950637817
-182420.31242549419403
-182420.4601331949234
-182420.6013388633728
-182420.7405526638031
-182420.87389767169952
-182421.00413107872009
-182421.13000380992889
-182421.24930894374847
-182421.36293518543243
-182421.47418701648712
-182421.58261942863464
-182421.6890332698822
-182421.7882491350174
-182421.88464069366455
-182421.97749495506287
-182422.06504726409912
-182422.14374339580536
-182422.22283232212067
-182422.29855370521545
-182422.37132501602173
-182422.4394736289978
-182422.50044357776642
-182422.55663096904755
-182422.60997343063354
-182422.6553407907486
-182422.70121133327484
-182422.7443470954895
-182422.7829864025116
-182422.81556344032288
-182422.84404051303864
-182422.86667931079865
-182422.88673710823059
-182422.89934241771698
-182422.91345691680908
-182422.91905975341797
-182422.92302823066711
-182422.92385959625244
-182422.92146551609039
-182422.90990471839905
-182422.89136040210724
-182422.87409055233002
-182422.85173559188843
-182422.82437610626221
-182422.79305803775787
-182422.75768995285034
-182422.71678364276886
-182422.67254841327667
-182422.6268664598465
-182422.57320439815521
-182422.51192259788513
-182422.44875180721283
-182422.38476431369781
-182422.31815302371979
-182422.24072730541229
-182422.16003429889679
-182422.07405233383179
-182421.98233330249786
-182421.88918459415436
-182421.79060244560242
-182421.68291091918945
-182421.57579660415649
-182421.46511495113373
-182421.34781014919281
-182421.225909948349
-182421.10111272335052
-182420.97435438632965
-182420.843794465065
-182420.70788943767548
-182420.5704687833786
-182420.42539811134338
-182420.27574849128723
-182420.11759757995605
-182419.9533793926239
-182419.78826904296875
-182419.6177316904068
-182419.44266986846924
-182419.26356017589569
-182419.08294403553009
-182418.89349353313446
-182418.70331561565399
-182418.50511586666107
-182418.30571448802948
-182418.09749591350555
-182417.88984286785126
-182417.67736232280731
-182417.45698177814484
-182417.23362958431244
-182417.00546741485596
-182416.77085256576538
-182416.53615880012512
-182416.29758596420288
-182416.04922485351562
-182415.80102849006653
-182415.54664838314056
-182415.28642511367798
-182415.02223980426788
-182414.75391864776611
-182414.47756779193878
-182414.19987010955811
-182413.91578304767609
-182413.62992000579834
-182413.337118268013
-182413.03924894332886
-182412.73745620250702
-182412.43086981773376
-182412.11941063404083
-182411.80423879623413
-182411.47865653038025
-182411.15111935138702
-182410.82078015804291
-182410.48325526714325
-182410.14111495018005
-182409.7991338968277
-182409.44621896743774
-182409.08807396888733
-182408.72993659973145
-182408.36760401725769
-182408.00325524806976
-182407.62624192237854
-182407.25037884712219
-182406.86500036716461
-182406.4811589717865
-182406.08696913719177
-182405.69108486175537
-182405.28681087493896
-182404.88074398040771
-182404.46664142608643
-182404.04470324516296
-182403.62197279930115
-182403.19104599952698
-182402.75517559051514
-182402.31390523910522
-182401.86665642261505
-182401.42050778865814
-182400.96747589111328
-182400.51020085811615
-182400.04874587059021
-182399.58183002471924
-182399.10695719718933
-182398.62921917438507
-182398.14155948162079
-182397.64950633049011
-182397.15792334079742
-182396.66254663467407
-182396.15758860111237
-182395.64650976657867
-182395.13263392448425
-182394.61143612861633
-182394.08760941028595
-182393.55821442604065
-182393.0238573551178
-182392.48955106735229
-182391.94428253173828
-182391.39758586883545
-182390.8417717218399
-182390.28416919708252
-182389.71959698200226
-182389.15057826042175
-182388.57541942596436
-182387.9959864616394
-182387.40923511981964
-182386.81690561771393
-182386.22188794612885
-182385.6203852891922
-182385.01394665241241
-182384.41005253791809
-182383.79540836811066
-182383.1744430065155
-182382.54394745826721
-182381.91310620307922
-182381.27536618709564
-182380.63307452201843
-182379.98931181430817
-182379.34504103660583
-182378.68082284927368
-182378.02045559883118
-182377.34755051136017
-182376.6723198890686
-182375.9892235994339
-182375.30443227291107
-182374.61748945713043
-182373.9267737865448
-182373.22928023338318
-182372.52118360996246
-182371.81286036968231
-182371.09925329685211
-182370.37632417678833
-182369.6459105014801
-182368.91836774349213
-182368.18042325973511
-182367.4365748167038
-182366.69101846218109
-182365.93969893455505
-182365.18556916713715
-182364.4210559129715
-182363.65310490131378
-182362.87871074676514
-182362.0939439535141
-182361.30682063102722
-182360.52128577232361
-182359.72803449630737
-182358.92171740531921
-182358.11677849292755
-182357.30527770519257
-182356.48672926425934
-182355.66294455528259
-182354.83367466926575
-182354.00242519378662
-182353.16455960273743
-182352.31669425964355
-182351.46536338329315
-182350.60575366020203
-182349.74250566959381
-182348.88567769527435
-182348.01476514339447
-182347.14352798461914
-182346.2616640329361
-182345.37431395053864
-182344.47725164890289
-182343.57655620574951
-182342.67631757259369
-182341.76267266273499
-182340.83980882167816
-182339.91997814178467
-182338.99013793468475
-182338.05692994594574
-182337.11623239517212
-182336.16854417324066
-182335.2214378118515
-182334.26082956790924
-182333.29775023460388
-182332.32745730876923
-182331.35254538059235
-182330.37452697753906
-182329.38688957691193
-182328.38700485229492
-182327.38912189006805
-182326.37869906425476
-182325.36659228801727
-182324.34646618366241
-182323.32536840438843
-182322.29786646366119
-182321.26063024997711
-182320.21141958236694
-182319.15112257003784
-182318.09280979633331
-182317.02180230617523
-182315.95218932628632
-182314.8720531463623
-182313.78537857532501
-182312.68838667869568
-182311.59544205665588
-182310.48390674591064
-182309.37044024467468
-182308.24932551383972
-182307.12216913700104
-182305.98943817615509
-182304.84475767612457
-182303.69923412799835
-182302.54170227050781
-182301.37960815429688
-182300.2022807598114
-182299.01933121681213
-182297.83855402469635
-182296.64429271221161
-182295.44155287742615
-182294.22957015037537
-182293.01486945152283
-182291.7861236333847
-182290.55104506015778
-182289.3196382522583
-182288.0693496465683
-182286.81453800201416
-182285.55381870269775
-182284.27791738510132
-182282.99182176589966
-182281.69669461250305
-182280.40081119537354
-182279.10057389736176
-182277.79477310180664
-182276.47392523288727
-182275.15471804141998
-182273.81373620033264
-182272.46718120574951
-182271.11215198040009
-182269.75250768661499
-182268.37205398082733
-182266.99141705036163
-182265.61090087890625
-182264.21327221393585
-182262.80080246925354
-182261.38253748416901
-182259.95854079723358
-182258.52382898330688
-182257.09244906902313
-182255.63730669021606
-182254.18545830249786
-182252.71358799934387
-182251.23327207565308
-182249.7440128326416
-182248.25495994091034
-182246.74739050865173
-182245.23717093467712
-182243.71803212165833
-182242.18552935123444
-182240.63557100296021
-182239.07407319545746
-182237.4980651140213
-182235.9373414516449
-182234.360475897789
-182232.76673567295074
-182231.16410994529724
-182229.55228698253632
-182227.92729723453522
-182226.28763949871063
-182224.63733041286469
-182222.97248876094818
-182221.29918384552002
-182219.62046194076538
-182217.93165397644043
-182216.21937620639801
-182214.50675618648529
-182212.77704179286957
-182211.03780782222748
-182209.29495823383331
-182207.53808832168579
-182205.76745760440826
-182203.97567892074585
-182202.17820262908936
-182200.37696135044098
-182198.54713189601898
-182196.71682417392731
-182194.87904191017151
-182193.02762722969055
-182191.15784108638763
-182189.2743581533432
-182187.38497042655945
-182185.48870527744293
-182183.57075846195221
-182181.6394282579422
-182179.67817902565002
-182177.71218991279602
-182175.73501670360565
-182173.74412882328033
-182171.74905633926392
-182169.73545348644257
-182167.71308326721191
-182165.68245661258698
-182163.62980592250824
-182161.56909334659576
-182159.49365043640137
-182157.39887583255768
-182155.30208444595337
-182153.18633627891541
-182151.06453621387482
-182148.90878236293793
-182146.73917782306671
-182144.55231487751007
-182142.36529684066772
