-274160.56553840637207
-274168.87772870063782
-274176.08666229248047
-274183.12365651130676
-274190.05133652687073
-274196.8926465511322
-274203.66689944267273
-274210.39110946655273
-274217.07831406593323
-274223.73180317878723
-274230.35929894447327
-274236.95829916000366
-274243.53708910942078
-274250.09304571151733
-274256.63551354408264
-274263.16337585449219
-274269.67959022521973
-274276.18745183944702
-274282.68839406967163
-274289.17801356315613
-274295.65692520141602
-274302.12559127807617
-274308.59044671058655
-274315.04854345321655
-274321.49911165237427
-274327.94402146339417
-274334.38273596763611
-274340.81506776809692
-274347.23855209350586
-274353.66338706016541
-274360.07627272605896
-274366.48737573623657
-274372.89828157424927
-274379.3050844669342
-274385.70904088020325
-274392.10823678970337
-274398.50543713569641
-274404.9000985622406
-274411.30057334899902
-274417.69981813430786
-274424.10095810890198
-274430.49711322784424
-274436.89246296882629
-274443.28144526481628
-274449.67612171173096
-274456.06776118278503
-274462.45685791969299
-274468.84711742401123
-274475.23275947570801
-274481.62745928764343
-274488.02618002891541
-274494.42196893692017
-274500.82057309150696
-274507.22113370895386
-274513.61816430091858
-274520.01962447166443
-274526.4246084690094
-274532.82348084449768
-274539.22172617912292
-274545.62022161483765
-274552.01960754394531
-274558.41550850868225
-274564.80944085121155
-274571.20352625846863
-274577.60225653648376
-274583.99547171592712
-274590.40107655525208
-274596.79853534698486
-274603.20273160934448
-274609.59700083732605
-274615.99512553215027
-274622.40102291107178
-274628.80875778198242
-274635.21692109107971
-274641.62666702270508
-274648.0397093296051
-274654.44321346282959
-274660.85051941871643
-274667.25542020797729
-274673.66533708572388
-274680.07564783096313
-274686.48872470855713
-274692.89451956748962
-274699.30177617073059
-274705.71555805206299
-274712.12467980384827
-274718.53402805328369
-274724.94365358352661
-274731.35717105865479
-274737.77288961410522
-274744.18496751785278
-274750.60228848457336
-274757.01132678985596
-274763.43037247657776
-274769.83601427078247
-274776.25358033180237
-274782.6739661693573
-274789.09009456634521
-274795.50718212127686
-274801.93489170074463
-274808.36673879623413
-274814.79004716873169
-274821.21208548545837
-274827.63503360748291
-274834.06548285484314
-274840.49217104911804
-274846.9212064743042
-274853.35012030601501
-274859.78019332885742
-274866.21283531188965
-274872.64315056800842
-274879.07440972328186
-274885.51011204719543
-274891.94104909896851
-274898.37490677833557
-274904.8144359588623
-274911.2487108707428
-274917.68230366706848
-274924.11711025238037
-274930.55674576759338
-274936.99074459075928
-274943.42977476119995
-274949.86832094192505
-274956.31111598014832
-274962.75063943862915
-274969.19469714164734
-274975.64508509635925
-274982.09125804901123
-274988.52715277671814
-274994.97230887413025
-275001.41825127601624
-275007.85257911682129
-275014.29279351234436
-275020.72982168197632
-275027.16762089729309
-275033.6093897819519
-275040.05534601211548
-275046.50444626808167
-275052.9536566734314
-275059.39194416999817
-275065.83828139305115
-275072.28793478012085
-275078.73702573776245
-275085.18785810470581
-275091.6545045375824
-275098.11483693122864
-275104.57081246376038
-275111.02096223831177
-275117.47663402557373
-275123.93529081344604
-275130.39414954185486
-275136.85137462615967
-275143.31294322013855
-275149.76589465141296
-275156.22528982162476
-275162.68253374099731
-275169.14775609970093
-275175.61559724807739
-275182.0781409740448
-275188.53767681121826
-275195.00673532485962
-275201.4620258808136
-275207.92356038093567
-275214.38781142234802
-275220.85160326957703
-275227.31353402137756
-275233.77030324935913
-275240.23242664337158
-275246.69371056556702
-275253.14766788482666
-275259.60505986213684
-275266.06732892990112
-275272.52270174026489
-275278.97994709014893
-275285.43759155273438
-275291.89580678939819
-275298.34932231903076
-275304.8090763092041
-275311.26966333389282
-275317.73008322715759
-275324.18907356262207
-275330.64810252189636
-275337.11073517799377
-275343.58671951293945
-275350.05193042755127
-275356.51021480560303
-275362.9726881980896
-275369.43678855895996
-275375.89789915084839
-275382.36294651031494
-275388.83437657356262
-275395.31266927719116
-275401.78140687942505
-275408.24765372276306
-275414.71301937103271
-275421.17458057403564
-275427.64663577079773
-275434.11807990074158
-275440.59313535690308
-275447.06269645690918
-275453.5330753326416
-275460.00669097900391
-275466.48243355751038
-275472.95662975311279
-275479.43063879013062
-275485.89260601997375
-275492.36002159118652
-275498.83189702033997
-275505.29351854324341
-275511.75843214988708
-275518.22238230705261
-275524.69746065139771
-275531.1682813167572
-275537.6363787651062
-275544.11012148857117
-275550.58123159408569
-275557.05263876914978
-275563.53158450126648
-275570.01183891296387
-275576.49703526496887
-275582.97627353668213
-275589.45096063613892
-275595.92938685417175
-275602.40213322639465
-275608.87608337402344
-275615.35427284240723
-275621.82828998565674
-275628.30828022956848
-275634.79321670532227
-275641.26321029663086
-275647.74592304229736
-275654.23402428627014
-275660.71694588661194
-275667.19130420684814
-275673.66813468933105
-275680.15150618553162
-275686.62922239303589
-275693.10956716537476
-275699.58130979537964
-275706.06484150886536
-275712.54585361480713
-275719.02016401290894
-275725.49385952949524
-275731.96939897537231
-275738.45409345626831
-275744.9367778301239
-275751.41009140014648
-275757.88344311714172
-275764.36048483848572
-275770.84563255310059
-275777.32902979850769
-275783.80865383148193
-275790.29228091239929
-275796.77578830718994
-275803.26331377029419
-275809.75407814979553
-275816.24357938766479
-275822.73378014564514
-275829.22711825370789
-275835.71734213829041
-275842.20214080810547
-275848.68982100486755
-275855.17099022865295
-275861.64967966079712
-275868.12834358215332
-275874.60662055015564
-275881.08349776268005
-275887.55969524383545
-275894.04047632217407
-275900.51906752586365
-275906.99762463569641
-275913.47037935256958
-275919.93815541267395
-275926.41152501106262
-275932.89307928085327
-275939.37009167671204
-275945.83835959434509
-275952.32127594947815
-275958.80603623390198
-275965.28572344779968
-275971.76396870613098
-275978.24514389038086
-275984.72318601608276
-275991.20261597633362
-275997.67148065567017
-276004.14681816101074
-276010.63697218894958
-276017.11405920982361
-276023.59802865982056
-276030.07321691513062
-276036.56138920783997
-276043.04254722595215
-276049.51174139976501
-276055.99821662902832
-276062.47073173522949
-276068.9553050994873
-276075.43691158294678
-276081.91568374633789
-276088.39594435691833
-276094.87571096420288
-276101.35588717460632
-276107.84177422523499
-276114.33207583427429
-276120.81499671936035
-276127.29414916038513
-276133.77463912963867
-276140.25253462791443
-276146.73402953147888
-276153.22053027153015
-276159.71281480789185
-276166.20205116271973
-276172.69474625587463
-276179.17715048789978
-276185.67334604263306
-276192.1653094291687
-276198.66106343269348
-276205.15688729286194
-276211.63991236686707
-276218.13096809387207
-276224.61789536476135
-276231.11111116409302
-276237.60629844665527
-276244.09103894233704
-276250.57738280296326
-276257.06782293319702
-276263.54574394226074
-276270.02757143974304
-276276.49900603294373
-276282.97927331924438
-276289.4656937122345
-276295.95607709884644
-276302.43473601341248
-276308.91338586807251
-276315.39781188964844
-276321.88122534751892
-276328.35154342651367
-276334.83197498321533
-276341.31411671638489
-276347.80988359451294
-276354.29886317253113
-276360.77699041366577
-276367.2680652141571
-276373.75539612770081
-276380.23496437072754
-276386.72494673728943
-276393.21113681793213
-276399.69630742073059
-276406.18239521980286
-276412.66941046714783
-276419.15195250511169
-276425.64291405677795
-276432.13088345527649
-276438.62651586532593
-276445.11507940292358
-276451.60325884819031
-276458.08987307548523
-276464.57434892654419
-276471.07024025917053
-276477.54991221427917
-276484.03771281242371
-276490.51848387718201
-276497.00023794174194
-276503.4832980632782
-276509.98086524009705
-276516.47231769561768
-276522.96201133728027
-276529.45008611679077
-276535.93394255638123
-276542.42747020721436
-276548.92215371131897
-276555.40741896629333
-276561.89514398574829
-276568.38419151306152
-276574.86130595207214
-276581.34357190132141
-276587.82041001319885
-276594.30362915992737
-276600.78915739059448
-276607.26781320571899
-276613.74667119979858
-276620.23002076148987
-276626.72424578666687
-276633.20782589912415
-276639.6881959438324
-276646.17206192016602
-276652.65259885787964
-276659.13490414619446
-276665.6113121509552
-276672.09321355819702
-276678.59195518493652
-276685.08775544166565
-276691.57901000976562
-276698.06752276420593
-276704.55931925773621
-276711.0453097820282
-276717.54097747802734
-276724.0369656085968
-276730.52969932556152
-276737.02519059181213
-276743.51483225822449
-276749.99990081787109
-276756.49432778358459
-276762.99367117881775
-276769.49218773841858
-276775.98594093322754
-276782.47829103469849
-276788.96454334259033
-276795.45393919944763
-276801.94578433036804
-276808.43632650375366
-276814.93365144729614
-276821.42899918556213
-276827.9300684928894
-276834.43562173843384
-276840.93382334709167
-276847.42545509338379
-276853.91480398178101
-276860.40357112884521
-276866.89484572410583
-276873.38376522064209
-276879.87196516990662
-276886.36582899093628
-276892.86495685577393
-276899.34987378120422
-276905.83173942565918
-276912.32279348373413
-276918.82741928100586
-276925.31853771209717
-276931.81915283203125
-276938.30653548240662
-276944.79979085922241
-276951.29322528839111
-276957.78349900245667
-276964.27015781402588
-276970.76741337776184
-276977.26401615142822
-276983.74952244758606
-276990.24833297729492
-276996.73120737075806
-277003.21899104118347
-277009.71023607254028
-277016.20368480682373
-277022.68778419494629
-277029.17835211753845
-277035.66569495201111
-277042.15137958526611
-277048.64341950416565
-277055.1286027431488
-277061.6108705997467
-277068.09922504425049
-277074.59158325195312
-277081.08768820762634
-277087.57665205001831
-277094.06520247459412
-277100.56257390975952
-277107.05469560623169
-277113.55381679534912
-277120.04714274406433
-277126.54511427879333
-277133.0523042678833
-277139.54858779907227
-277146.05226826667786
-277152.5522472858429
-277159.0370922088623
-277165.54829573631287
-277172.04177618026733
-277178.53533577919006
-277185.02507948875427
-277191.51122450828552
-277197.99748849868774
-277204.49649381637573
-277210.99120545387268
-277217.49422335624695
-277223.99216222763062
-277230.49300646781921
-277237.00302052497864
-277243.50460124015808
-277250.00948166847229
-277256.50345540046692
-277263.00446748733521
-277269.51059103012085
-277276.01793432235718
-277282.51047611236572
-277288.99321722984314
-277295.48687553405762
-277301.98275089263916
-277308.47537970542908
-277314.96431970596313
-277321.46001791954041
-277327.96310353279114
-277334.46501040458679
-277340.9568464756012
-277347.45964908599854
-277353.95521020889282
-277360.45020914077759
-277366.9653308391571
-277373.47203254699707
-277379.98325204849243
-277386.48715949058533
-277392.99294948577881
-277399.49189257621765
-277405.98700428009033
-277412.48357152938843
-277418.982834815979
-277425.46618914604187
-277431.96544885635376
-277438.47344875335693
-277444.96894454956055
-277451.46167635917664
-277457.96650958061218
-277464.46500849723816
-277470.96179103851318
-277477.47206497192383
-277483.97020602226257
-277490.48100280761719
-277496.985187292099
-277503.4903256893158
-277509.99191308021545
-277516.48453187942505
-277522.98509120941162
-277529.48734855651855
-277535.99374318122864
-277542.49163222312927
-277548.99546360969543
-277555.50438618659973
-277561.99751830101013
-277568.49890375137329
-277575.0037055015564
-277581.50723910331726
-277588.00624227523804
-277594.51857948303223
-277601.03054714202881
-277607.53450083732605
-277614.0386266708374
-277620.54457378387451
-277627.04157829284668
-277633.53875422477722
-277640.04416084289551
-277646.5407087802887
-277653.04166698455811
-277659.55014276504517
-277666.05653858184814
-277672.55919289588928
-277679.06681942939758
-277685.57493472099304
-277692.08307242393494
-277698.59708976745605
-277705.10078310966492
-277711.61372685432434
-277718.11347508430481
-277724.61546564102173
-277731.11782455444336
-277737.62064647674561
-277744.12162756919861
-277750.62032747268677
-277757.1319944858551
-277763.65155529975891
-277770.16056275367737
-277776.67108082771301
-277783.17232322692871
-277789.69790625572205
-277796.2185366153717
-277802.72993183135986
-277809.23043465614319
-277815.7340886592865
-277822.24401092529297
-277828.75988626480103
-277835.26504921913147
-277841.78492856025696
-277848.27863454818726
-277854.78814268112183
-277861.29646801948547
-277867.80901122093201
-277874.318608045578
-277880.84357404708862
-277887.3516845703125
-277893.86479163169861
-277900.36209535598755
-277906.87186861038208
-277913.36781001091003
-277919.87146925926208
-277926.38185405731201
-277932.88130164146423
-277939.39282321929932
-277945.89865350723267
-277952.39877676963806
-277958.906977891922
-277965.40554189682007
-277971.91881966590881
-277978.42268562316895
-277984.92598962783813
-277991.4360876083374
-277997.94491744041443
-278004.44664740562439
-278010.94897103309631
-278017.4428026676178
-278023.94608807563782
-278030.44512462615967
-278036.942302942276
-278043.44291758537292
-278049.95479416847229
-278056.45777750015259
-278062.96850228309631
-278069.47053384780884
-278075.96569800376892
-278082.46348237991333
-278088.9590151309967
-278095.45329189300537
-278101.95078349113464
-278108.4446427822113
-278114.94344544410706
-278121.43792796134949
-278127.92934703826904
-278134.42337608337402
-278140.92458438873291
-278147.42036104202271
-278153.91443800926208
-278160.42060375213623
-278166.91594743728638
-278173.42545580863953
-278179.91745352745056
-278186.41448879241943
-278192.92721509933472
-278199.44264316558838
-278205.94687533378601
-278212.43915843963623
-278218.93253612518311
-278225.44510293006897
-278231.94093418121338
-278238.44249033927917
-278244.94696593284607
-278251.45200228691101
-278257.95505356788635
-278264.4627845287323
-278270.96784043312073
-278277.48603248596191
-278283.99614119529724
-278290.51581740379333
-278297.02715110778809
-278303.53129649162292
-278310.03710198402405
-278316.54080510139465
-278323.05043578147888
-278329.56918382644653
-278336.06069660186768
-278342.55443334579468
-278349.06922578811646
-278355.58929753303528
-278362.09445333480835
-278368.62028312683105
-278375.12796807289124
-278381.64164590835571
-278388.15791487693787
-278394.66638278961182
-278401.16375851631165
-278407.67509007453918
-278414.18154978752136
-278420.69662976264954
-278427.20321011543274
-278433.70531129837036
-278440.21907949447632
-278446.73175859451294
-278453.24335861206055
-278459.76216387748718
-278466.27248597145081
-278472.78294229507446
-278479.27250790596008
-278485.77376270294189
-278492.27991557121277
-278498.79504871368408
-278505.315345287323
-278511.82513618469238
-278518.33369445800781
-278524.83279323577881
-278531.34349727630615
-278537.85601806640625
-278544.36279916763306
-278550.8600709438324
-278557.36709761619568
-278563.87076854705811
-278570.38267827033997
-278576.88043427467346
-278583.39304304122925
-278589.90666437149048
-278596.40579700469971
-278602.9126660823822
-278609.42872977256775
-278615.92864942550659
-278622.44087243080139
-278628.94307661056519
-278635.46004319190979
-278641.98038506507874
-278648.50381755828857
-278655.01318454742432
-278661.53228044509888
-278668.04739427566528
-278674.54750490188599
-278681.06306028366089
-278687.56694769859314
-278694.0897331237793
-278700.61384010314941
-278707.12235617637634
-278713.63089084625244
-278720.14237332344055
-278726.65030241012573
-278733.14848709106445
-278739.65890789031982
-278746.17059683799744
-278752.67609047889709
-278759.17554759979248
-278765.68732213973999
-278772.20095539093018
-278778.70135188102722
-278785.21638154983521
-278791.73287439346313
-278798.24957180023193
-278804.76495599746704
-278811.27275252342224
-278817.78447771072388
-278824.309406042099
-278830.82653307914734
-278837.35261583328247
-278843.86467933654785
-278850.37332010269165
-278856.87465262413025
-278863.40062093734741
-278869.91886138916016
-278876.43971681594849
-278882.96577167510986
-278889.47168564796448
-278895.98687982559204
-278902.52673196792603
-278909.04555034637451
-278915.5579526424408
-278922.07241582870483
-278928.582843542099
-278935.09210586547852
-278941.59594392776489
-278948.11249923706055
-278954.63121223449707
-278961.14865255355835
-278967.6721727848053
-278974.18157720565796
-278980.70224142074585
-278987.23071241378784
-278993.75660586357117
-279000.28452205657959
-279006.80249834060669
-279013.32464408874512
-279019.84624695777893
-279026.37178945541382
-279032.8950777053833
-279039.43136429786682
-279045.95452952384949
-279052.47414469718933
-279059.00223684310913
-279065.53582191467285
-279072.06594848632812
-279078.59283423423767
-279085.12080073356628
-279091.64979529380798
-279098.19947791099548
-279104.73617792129517
-279111.25907635688782
-279117.77997159957886
-279124.30786943435669
-279130.84689784049988
-279137.36254096031189
-279143.89369750022888
-279150.42084765434265
-279156.94726705551147
-279163.48125815391541
-279170.02079510688782
-279176.54599976539612
-279183.06708145141602
-279189.59397602081299
-279196.13302206993103
-279202.66060209274292
-279209.20253300666809
-279215.73123669624329
-279222.25246977806091
-279228.77818298339844
-279235.30135703086853
-279241.82609820365906
-279248.34464859962463
-279254.8750536441803
-279261.40970039367676
-279267.93467140197754
-279274.46045422554016
-279280.98489427566528
-279287.5019838809967
-279294.02044796943665
-279300.545006275177
-279307.05179357528687
-279313.57578444480896
-279320.09061646461487
-279326.60338449478149
-279333.13021445274353
-279339.65359401702881
-279346.1832594871521
-279352.70214200019836
-279359.23067355155945
-279365.7539587020874
-279372.28560757637024
-279378.80144357681274
-279385.31940150260925
-279391.85066390037537
-279398.37393498420715
-279404.90419864654541
-279411.42225360870361
-279417.94685792922974
-279424.4642550945282
-279430.97792553901672
-279437.50305318832397
-279444.0230348110199
-279450.53314232826233
-279457.05658626556396
-279463.58322429656982
-279470.10865449905396
-279476.63430285453796
-279483.15037703514099
-279489.68997502326965
-279496.22868847846985
-279502.75577068328857
-279509.28784227371216
-279515.81144070625305
-279522.33351039886475
-279528.85751247406006
-279535.38226866722107
-279541.9213535785675
-279548.4486780166626
-279554.97560238838196
-279561.4960310459137
-279568.02992916107178
-279574.56480693817139
-279581.09887051582336
-279587.64027237892151
-279594.17609810829163
-279600.70587873458862
-279607.25303769111633
-279613.79401469230652
-279620.33759331703186
-279626.86141324043274
-279633.39158368110657
-279639.93898034095764
-279646.48142194747925
-279653.01393270492554
-279659.54814839363098
-279666.09836888313293
-279672.63116359710693
-279679.16999816894531
-279685.70376253128052
-279692.23689341545105
-279698.78360843658447
-279705.32484674453735
-279711.87769055366516
-279718.4141857624054
-279724.96154260635376
-279731.50440812110901
-279738.03696346282959
-279744.56955623626709
-279751.10543251037598
-279757.63787055015564
-279764.16557955741882
-279770.70719289779663
-279777.24192571640015
-279783.7614758014679
-279790.29688096046448
-279796.83615517616272
-279803.37905764579773
-279809.90172123908997
-279816.42714428901672
-279822.95526528358459
-279829.48054337501526
-279836.01215767860413
-279842.54427671432495
-279849.0881233215332
-279855.62319993972778
-279862.14404988288879
-279868.66665148735046
-279875.18096828460693
-279881.70320701599121
-279888.23523306846619
-279894.77548360824585
-279901.30566048622131
-279907.81539487838745
-279914.35218405723572
-279920.86822867393494
-279927.38813662528992
-279933.92308521270752
-279940.45458006858826
-279946.9800705909729
-279953.51690125465393
-279960.03870391845703
-279966.54602742195129
-279973.0772693157196
-279979.61292719841003
-279986.1496479511261
-279992.68601894378662
-279999.22896146774292
-280005.7548496723175
-280012.2858202457428
-280018.8219735622406
-280025.35188174247742
-280031.89556264877319
-280038.41547465324402
-280044.93330502510071
-280051.46381068229675
-280057.9905378818512
-280064.52991342544556
-280071.06724500656128
-280077.60113000869751
-280084.13048219680786
-280090.64653396606445
-280097.1596143245697
-280103.70605611801147
-280110.24000787734985
-280116.77135109901428
-280123.3095076084137
-280129.84117412567139
-280136.36885643005371
-280142.90597558021545
-280149.4431164264679
-280155.97500157356262
-280162.52536129951477
-280169.0764365196228
-280175.60320591926575
-280182.12635850906372
-280188.66313672065735
-280195.22631597518921
-280201.75290393829346
-280208.29133200645447
-280214.84251236915588
-280221.37651014328003
-280227.90586757659912
-280234.43455958366394
-280240.97508692741394
-280247.5139856338501
-280254.04661989212036
-280260.57953453063965
-280267.10295534133911
-280273.64442992210388
-280280.17207169532776
-280286.70639681816101
-280293.23905658721924
-280299.77590322494507
-280306.30358791351318
-280312.83605122566223
-280319.373459815979
-280325.90587544441223
-280332.41864252090454
-280338.92961978912354
-280345.43748879432678
-280351.97068285942078
-280358.49629831314087
-280365.02185273170471
-280371.5577666759491
-280378.08516454696655
-280384.61462831497192
-280391.16054201126099
-280397.6851851940155
-280404.22054219245911
-280410.75110244750977
-280417.28230762481689
-280423.80828213691711
-280430.350172996521
-280436.89106631278992
-280443.43888425827026
-280449.9736430644989
-280456.49438381195068
-280463.03051424026489
-280469.56117916107178
-280476.08430671691895
-280482.62130689620972
-280489.15886402130127
-280495.69160127639771
-280502.23611831665039
-280508.76738929748535
-280515.29759287834167
-280521.82717537879944
-280528.35234642028809
-280534.89280414581299
-280541.42023706436157
-280547.95372462272644
-280554.48398470878601
-280561.01531505584717
-280567.53766083717346
-280574.05662250518799
-280580.59357714653015
-280587.11118173599243
-280593.63870453834534
-280600.15464401245117
-280606.67482352256775
-280613.2032322883606
-280619.73093485832214
-280626.24702763557434
-280632.78573656082153
-280639.30311179161072
-280645.83648657798767
-280652.35407447814941
-280658.87462115287781
-280665.40561699867249
-280671.94110798835754
-280678.4632408618927
-280685.00193905830383
-280691.525465965271
-280698.05578851699829
-280704.59070205688477
-280711.11788606643677
-280717.6393768787384
-280724.1651463508606
-280730.69274592399597
-280737.22118020057678
-280743.75432825088501
-280750.29738593101501
-280756.82630705833435
-280763.36347556114197
-280769.88814997673035
-280776.42406964302063
-280782.96231913566589
-280789.49481773376465
-280796.02168917655945
-280802.55471467971802
-280809.07846474647522
-280815.61405563354492
-280822.14083361625671
-280828.66944932937622
-280835.19666218757629
-280841.7316906452179
-280848.2665867805481
-280854.78588342666626
-280861.31667542457581
-280867.84318852424622
-280874.37150549888611
-280880.89510416984558
-280887.42030239105225
-280893.96212720870972
-280900.48830008506775
-280907.00205063819885
-280913.53365087509155
-280920.07459783554077
-280926.61290812492371
-280933.13595986366272
-280939.67767310142517
-280946.20670795440674
-280952.73500657081604
-280959.25565648078918
-280965.78624939918518
-280972.31127071380615
-280978.83069849014282
-280985.36904001235962
-280991.896568775177
-280998.43716669082642
-281004.95346879959106
-281011.47000098228455
-281017.9892041683197
-281024.52849316596985
-281031.06413340568542
-281037.59086751937866
-281044.13065361976624
-281050.66830563545227
-281057.18584895133972
-281063.71810245513916
-281070.24413466453552
-281076.77527832984924
-281083.30800890922546
-281089.84063673019409
-281096.38150310516357
-281102.90019679069519
-281109.43997430801392
-281115.96135306358337
-281122.51312685012817
-281129.04884243011475
-281135.57721042633057
-281142.11345839500427
-281148.63903903961182
-281155.15799117088318
-281161.68482899665833
-281168.22100710868835
-281174.7447350025177
-281181.27659511566162
-281187.81095361709595
-281194.34354734420776
-281200.87575769424438
-281207.39025640487671
-281213.92718648910522
-281220.45081353187561
-281226.99370384216309
-281233.52171850204468
-281240.04533505439758
-281246.57966732978821
-281253.11720418930054
-281259.63593649864197
-281266.18370008468628
-281272.71616983413696
-281279.25272750854492
-281285.78252243995667
-281292.31063055992126
-281298.84022164344788
-281305.38373756408691
-281311.91441202163696
-281318.4432258605957
-281324.98712992668152
-281331.52542781829834
-281338.06053733825684
-281344.60694885253906
-281351.14043188095093
-281357.66931867599487
-281364.20656132698059
-281370.73399019241333
-281377.26363778114319
-281383.80644130706787
-281390.35423994064331
-281396.87953209877014
-281403.41527581214905
-281409.93490433692932
-281416.47523355484009
-281423.00333404541016
-281429.522385597229
-281436.04634189605713
-281442.56280064582825
-281449.09096813201904
-281455.62579393386841
-281462.15145325660706
-281468.6800012588501
-281475.21174716949463
-281481.74345874786377
-281488.29043316841125
-281494.82462358474731
-281501.34352517127991
-281507.87549710273743
-281514.40615820884705
-281520.92907619476318
-281527.43558287620544
-281533.96801829338074
-281540.48766231536865
-281547.00884437561035
-281553.53547620773315
-281560.06232619285583
-281566.58532667160034
-281573.10177826881409
-281579.62207746505737
-281586.13253474235535
-281592.66360998153687
-281599.186772108078
-281605.70417141914368
-281612.22619414329529
-281618.76207327842712
-281625.29515051841736
-281631.8095543384552
-281638.3202702999115
-281644.83320045471191
-281651.35744190216064
-281657.89022994041443
-281664.4047999382019
-281670.93275833129883
-281677.46215724945068
-281683.9893479347229
-281690.5237774848938
-281697.05121111869812
-281703.57295656204224
-281710.07532072067261
-281716.59344696998596
-281723.12489128112793
-281729.64146828651428
-281736.17694044113159
-281742.70316123962402
-281749.23028993606567
-281755.75095224380493
-281762.27864837646484
-281768.81885814666748
-281775.3694634437561
-281781.90047812461853
-281788.45640087127686
-281795.00703620910645
-281801.54537582397461
-281808.0870349407196
-281814.62884330749512
-281821.1598060131073
-281827.69483137130737
-281834.21929979324341
-281840.76082944869995
-281847.27486419677734
-281853.81702256202698
-281860.34881281852722
-281866.88276028633118
-281873.42617392539978
-281879.96791100502014
-281886.51051092147827
-281893.04676938056946
-281899.58002209663391
-281906.11394286155701
-281912.63743329048157
-281919.17280578613281
-281925.70763111114502
-281932.2462420463562
-281938.78392219543457
-281945.3258318901062
-281951.85687446594238
-281958.40212297439575
-281964.93565678596497
-281971.47543883323669
-281978.01884269714355
-281984.57647204399109
-281991.110684633255
-281997.63914251327515
-282004.17130661010742
-282010.70562672615051
-282017.22300624847412
-282023.75290536880493
-282030.27870750427246
-282036.82405114173889
-282043.34399390220642
-282049.87746572494507
-282056.42688417434692
-282062.97178244590759
-282069.50423264503479
-282076.05053925514221
-282082.58269476890564
-282089.09513783454895
-282095.62762379646301
-282102.17321062088013
-282108.70837354660034
-282115.26515746116638
-282121.79605340957642
-282128.32803344726562
-282134.86760711669922
-282141.41061568260193
-282147.95080995559692
-282154.49048805236816
-282161.01165080070496
-282167.54463768005371
-282174.08436226844788
-282180.61608815193176
-282187.13015413284302
-282193.67643308639526
-282200.22363996505737
-282206.76491284370422
-282213.30868172645569
-282219.84975862503052
-282226.3951563835144
-282232.92772245407104
-282239.47176074981689
-282245.9997091293335
-282252.51427125930786
-282259.04220151901245
-282265.58931231498718
-282272.11292481422424
-282278.64206266403198
-282285.18224430084229
-282291.71681785583496
-282298.25906085968018
-282304.79738283157349
-282311.34445476531982
-282317.89270663261414
-282324.45123100280762
-282331.00473189353943
-282337.54484748840332
-282344.09857606887817
-282350.6493833065033
-282357.19922423362732
-282363.75260877609253
-282370.32355690002441
-282376.87474894523621
-282383.42659211158752
-282389.97473788261414
-282396.53356790542603
-282403.08125853538513
-282409.62581324577332
-282416.18658041954041
-282422.72287750244141
-282429.26150321960449
-282435.78287076950073
-282442.31572890281677
-282448.86364960670471
-282455.397381067276
-282461.92954635620117
-282468.46591973304749
-282475.00924873352051
-282481.53510189056396
-282488.0641496181488
-282494.60833883285522
-282501.15156626701355
-282507.68952083587646
-282514.23406839370728
-282520.78968548774719
-282527.34995722770691
-282533.88574981689453
-282540.43339323997498
-282546.96468496322632
-282553.51635909080505
-282560.04192352294922
-282566.59418845176697
-282573.15132403373718
-282579.69203472137451
-282586.21750473976135
-282592.76146292686462
-282599.31189608573914
-282605.8596625328064
-282612.40570855140686
-282618.94568586349487
-282625.51585483551025
-282632.0618007183075
-282638.60735082626343
-282645.13899183273315
-282651.68637704849243
-282658.21951937675476
-282664.76772212982178
-282671.3036253452301
-282677.85684299468994
-282684.39701914787292
-282690.96760249137878
-282697.53456568717957
-282704.08932971954346
-282710.63739991188049
-282717.21184349060059
-282723.75434756278992
-282730.31808519363403
-282736.88244986534119
-282743.43119263648987
-282749.99245119094849
-282756.56125378608704
-282763.11054730415344
-282769.66190314292908
-282776.22259473800659
-282782.7899911403656
-282789.34013342857361
-282795.91148018836975
-282802.45644640922546
-282808.99906468391418
-282815.54396939277649
-282822.09215354919434
-282828.63359785079956
-282835.17677617073059
-282841.72304749488831
-282848.25278496742249
-282854.80898714065552
-282861.34685659408569
-282867.90197730064392
-282874.45431137084961
-282881.00836706161499
-282887.56128835678101
-282894.10858702659607
-282900.65041947364807
-282907.20680499076843
-282913.76559352874756
-282920.32758712768555
-282926.89802193641663
-282933.44669342041016
-282939.99652671813965
-282946.53869295120239
-282953.11326813697815
-282959.66828846931458
-282966.21175837516785
-282972.77579498291016
-282979.34162330627441
-282985.89380645751953
-282992.43436145782471
-282998.98347759246826
-283005.53739213943481
-283012.076247215271
-283018.63171100616455
-283025.19001770019531
-283031.75727272033691
-283038.31660437583923
-283044.87297916412354
-283051.44121909141541
-283057.99864268302917
-283064.55839800834656
-283071.12215256690979
-283077.69604110717773
-283084.26096701622009
-283090.82883453369141
-283097.39172911643982
-283103.95497751235962
-283110.51713681221008
-283117.09048390388489
-283123.65965747833252
-283130.236079454422
-283136.81914877891541
-283143.39800953865051
-283149.97639966011047
-283156.54177927970886
-283163.09996747970581
-283169.65247917175293
-283176.23814725875854
-283182.78256106376648
-283189.34135890007019
-283195.91352081298828
-283202.48058772087097
-283209.04191541671753
-283215.59555149078369
-283222.15489721298218
-283228.71862769126892
-283235.28999876976013
-283241.86210012435913
-283248.4133448600769
-283254.96667265892029
-283261.52173686027527
-283268.0809326171875
-283274.65184307098389
-283281.2079815864563
-283287.76559686660767
-283294.32223963737488
-283300.86544942855835
-283307.41381764411926
-283313.97528338432312
-283320.52528262138367
-283327.09145712852478
-283333.65877652168274
-283340.20603227615356
-283346.77704572677612
-283353.35382962226868
-283359.91940236091614
-283366.49536681175232
-283373.06932210922241
-283379.6452841758728
-283386.21164679527283
-283392.77622532844543
-283399.33878707885742
-283405.91235208511353
-283412.47254729270935
-283419.04159212112427
-283425.61767959594727
-283432.17407608032227
-283438.75092244148254
-283445.32819366455078
-283451.89465856552124
-283458.47912096977234
-283465.03373765945435
-283471.56924533843994
-283478.1288115978241
-283484.68756580352783
-283491.23653888702393
-283497.79219746589661
-283504.34706401824951
-283510.90104866027832
-283517.47419333457947
-283524.02285003662109
-283530.58740639686584
-283537.1340639591217
-283543.69784760475159
-283550.26403903961182
-283556.82447266578674
-283563.37808895111084
-283569.91347217559814
-283576.49538850784302
-283583.0570821762085
-283589.60246133804321
-283596.15569734573364
-283602.72116947174072
-283609.27398204803467
-283615.8359010219574
-283622.39457535743713
-283628.96073961257935
-283635.54456162452698
-283642.08903694152832
-283648.6441216468811
-283655.23212790489197
-283661.79765605926514
-283668.35853695869446
-283674.88586401939392
-283681.45909070968628
-283688.01083302497864
-283694.56005167961121
-283701.11025738716125
-283707.67646265029907
-283714.24717354774475
-283720.81356906890869
-283727.36249303817749
-283733.89463090896606
-283740.45800638198853
-283747.02750539779663
-283753.58164644241333
-283760.14351367950439
-283766.70061206817627
-283773.24570775032043
-283779.80504679679871
-283786.35670065879822
-283792.90234756469727
-283799.46431636810303
-283806.02532386779785
-283812.59286737442017
-283819.16399312019348
-283825.73386526107788
-283832.30709409713745
-283838.87475419044495
-283845.43448638916016
-283851.98965883255005
-283858.56862187385559
-283865.12216520309448
-283871.70628476142883
-283878.26803851127625
-283884.8224024772644
-283891.38766098022461
-283897.96019005775452
-283904.52148175239563
-283911.08898687362671
-283917.67034602165222
-283924.22423672676086
-283930.78521966934204
-283937.33197498321533
-283943.90413975715637
-283950.46666765213013
-283957.02119755744934
-283963.57637882232666
-283970.12830376625061
-283976.68183612823486
-283983.24689054489136
-283989.82655930519104
-283996.39452862739563
-284002.96884560585022
-284009.54518747329712
-284016.1104621887207
-284022.70123267173767
-284029.27154541015625
-284035.84443187713623
-284042.41002130508423
-284048.96272110939026
-284055.52211809158325
-284062.07629942893982
-284068.64786052703857
-284075.20782661437988
-284081.7848014831543
-284088.33365678787231
-284094.91510248184204
-284101.48780155181885
-284108.04295444488525
-284114.63371682167053
-284121.19576716423035
-284127.77360081672668
-284134.34056353569031
-284140.90840244293213
-284147.46886467933655
-284154.04647016525269
-284160.61902737617493
-284167.20062899589539
-284173.77326416969299
-284180.3361542224884
-284186.90503001213074
-284193.48804354667664
-284200.05733346939087
-284206.63346123695374
-284213.2061915397644
-284219.75657749176025
-284226.34254670143127
-284232.90827441215515
-284239.47738194465637
-284246.04950547218323
-284252.61397743225098
-284259.19068956375122
-284265.77712607383728
-284272.32388257980347
-284278.89098811149597
-284285.45490646362305
-284292.02550101280212
-284298.61867451667786
-284305.20541381835938
-284311.76886057853699
-284318.34173130989075
-284324.89863872528076
-284331.48115062713623
-284338.06346821784973
-284344.66355752944946
-284351.22754883766174
-284357.77590489387512
-284364.35273861885071
-284370.92940855026245
-284377.51529002189636
-284384.10071682929993
-284390.68063044548035
-284397.25677466392517
-284403.86281871795654
-284410.44464039802551
-284417.01818251609802
-284423.60438108444214
-284430.19164657592773
-284436.7749559879303
-284443.3642840385437
-284449.92996048927307
-284456.4914653301239
-284463.05090379714966
-284469.61471676826477
-284476.18051886558533
-284482.7830126285553
-284489.37818932533264
-284495.94520330429077
-284502.53359580039978
-284509.1087064743042
-284515.66432523727417
-284522.2370011806488
-284528.81855177879333
-284535.38723635673523
-284541.94574522972107
-284548.52983260154724
-284555.08472299575806
-284561.65551352500916
-284568.22575330734253
-284574.79098296165466
-284581.35447239875793
-284587.91860342025757
-284594.45272016525269
-284600.99973106384277
-284607.55219674110413
-284614.10385203361511
-284620.66272974014282
-284627.20503497123718
-284633.75354647636414
-284640.32064127922058
-284646.85447072982788
-284653.41107964515686
-284659.95404171943665
-284666.50743937492371
-284673.05274939537048
-284679.58006072044373
-284686.15674996376038
-284692.71774697303772
-284699.28008055686951
-284705.83536958694458
-284712.40825080871582
-284718.95498967170715
-284725.51200151443481
-284732.07852816581726
-284738.64913010597229
-284745.1840660572052
-284751.75427436828613
-284758.29243278503418
-284764.86891388893127
-284771.41041350364685
-284777.95968890190125
-284784.51724028587341
-284791.10543584823608
-284797.6453423500061
-284804.21106934547424
-284810.78038668632507
-284817.3386561870575
-284823.91245293617249
-284830.48048424720764
-284837.02378940582275
-284843.61015558242798
