-33018.438782811164856
-33022.334621787071228
-33024.863845348358154
-33027.007980942726135
-33028.88666844367981
-33030.563522934913635
-33032.07751476764679
-33033.458975553512573
-33034.727659940719604
-33035.892451047897339
-33036.971114993095398
-33037.975376963615417
-33038.907316565513611
-33039.77854323387146
-33040.594539523124695
-33041.35871434211731
-33042.075843214988708
-33042.749181389808655
-33043.383975863456726
-33043.978120923042297
-33044.539825916290283
-33045.071213245391846
-33045.574890732765198
-33046.050829768180847
-33046.50013792514801
-33046.926968336105347
-33047.333046793937683
-33047.714488744735718
-33048.076996088027954
-33048.422365784645081
-33048.747590780258179
-33049.053818225860596
-33049.347468972206116
-33049.625023245811462
-33049.88452160358429
-33050.131123185157776
-33050.363799929618835
-33050.586162567138672
-33050.79424262046814
-33050.992276787757874
-33051.182554483413696
-33051.364058136940002
-33051.533476710319519
-33051.690929770469666
-33051.838638186454773
-33051.97872269153595
-33052.110253095626831
-33052.235147714614868
-33052.357365846633911
-33052.47009003162384
-33052.577533483505249
-33052.680431604385376
-33052.777682900428772
-33052.866906762123108
-33052.952591300010681
-33053.031081318855286
-33053.102356672286987
-33053.173224568367004
-33053.23720920085907
-33053.296460628509521
-33053.349370241165161
-33053.404618859291077
-33053.454060673713684
-33053.497015237808228
-33053.535033583641052
-33053.56915819644928
-33053.596239328384399
-33053.626351833343506
-33053.651185035705566
-33053.678066849708557
-33053.697533011436462
-33053.71411144733429
-33053.731034755706787
-33053.742530822753906
-33053.756174921989441
-33053.765737295150757
-33053.776185631752014
-33053.785516500473022
-33053.788727402687073
-33053.789453506469727
-33053.78448474407196
-33053.786467552185059
-33053.785548090934753
-33053.78200888633728
-33053.778134703636169
-33053.773489356040955
-33053.763935327529907
-33053.754111766815186
-33053.746329069137573
-33053.735545635223389
-33053.725733876228333
-33053.713987588882446
-33053.703070282936096
-33053.690751314163208
-33053.676677584648132
-33053.661295175552368
-33053.644335746765137
-33053.628500938415527
-33053.611558198928833
-33053.596917390823364
-33053.578909039497375
-33053.558665990829468
-33053.535324811935425
-33053.51755428314209
-33053.495956897735596
-33053.471444368362427
-33053.449264049530029
-33053.430957198143005
-33053.410428285598755
-33053.39124059677124
-33053.3642578125
-33053.337940096855164
-33053.31505274772644
-33053.290105938911438
-33053.267189979553223
-33053.246135592460632
-33053.224382162094116
-33053.199004292488098
-33053.173465609550476
-33053.154224157333374
-33053.130300402641296
-33053.104872822761536
-33053.081805467605591
-33053.056155800819397
-33053.036207795143127
-33053.012807250022888
-33052.991132140159607
-33052.968197464942932
-33052.944797992706299
-33052.920885443687439
-33052.895373702049255
-33052.871264696121216
-33052.84318482875824
-33052.813813447952271
-33052.784034132957458
-33052.756723880767822
-33052.735582113265991
-33052.706259727478027
-33052.685690879821777
-33052.662319660186768
-33052.638707756996155
-33052.61527419090271
-33052.58817720413208
-33052.564860224723816
-33052.543631315231323
-33052.516333222389221
-33052.49134349822998
-33052.464363098144531
-33052.440043568611145
-33052.411838173866272
-33052.383945107460022
-33052.356841802597046
-33052.326462984085083
-33052.303167819976807
-33052.280372381210327
-33052.260728597640991
-33052.237188577651978
-33052.210574865341187
-33052.189885854721069
-33052.169998049736023
-33052.150355100631714
-33052.130709171295166
-33052.107258796691895
-33052.084765076637268
-33052.065421223640442
-33052.043903827667236
-33052.019572973251343
-33051.994234681129456
-33051.969154238700867
-33051.944143652915955
-33051.923309922218323
-33051.901131153106689
-33051.876936078071594
-33051.857802510261536
-33051.837479948997498
-33051.815173149108887
-33051.799491763114929
-33051.776219606399536
-33051.751963019371033
-33051.731077551841736
-33051.710701584815979
-33051.696205973625183
-33051.667972087860107
-33051.647982358932495
-33051.62698757648468
-33051.605599164962769
-33051.581268310546875
-33051.561967372894287
-33051.541126847267151
-33051.520860075950623
-33051.495418667793274
-33051.47614586353302
-33051.461840271949768
-33051.440670728683472
-33051.421059966087341
-33051.406043291091919
-33051.379799008369446
-33051.362267851829529
-33051.34056544303894
-33051.319545745849609
-33051.297490954399109
-33051.275822043418884
-33051.255893707275391
-33051.240700602531433
-33051.222753167152405
-33051.198251843452454
-33051.181143045425415
-33051.159107446670532
-33051.141834497451782
-33051.125984311103821
-33051.102527141571045
-33051.084468126296997
-33051.058906555175781
-33051.039789319038391
-33051.011716485023499
-33050.987715840339661
-33050.969531536102295
-33050.949287891387939
-33050.931694984436035
-33050.918767094612122
-33050.90444815158844
-33050.884653925895691
-33050.86274516582489
-33050.843558192253113
-33050.819990754127502
-33050.807761311531067
-33050.792573213577271
-33050.781323075294495
-33050.766481518745422
-33050.752009510993958
-33050.731962919235229
-33050.71776282787323
-33050.695490598678589
-33050.67647659778595
-33050.66230034828186
-33050.650514721870422
-33050.637128829956055
-33050.626872420310974
-33050.607493758201599
-33050.593854546546936
-33050.580823659896851
-33050.561894774436951
-33050.544257044792175
-33050.522983074188232
-33050.502331137657166
-33050.481985211372375
-33050.457887649536133
-33050.441490769386292
-33050.42906665802002
-33050.416406869888306
-33050.403603196144104
-33050.387510418891907
-33050.374120116233826
-33050.359197497367859
-33050.350839138031006
-33050.339282155036926
-33050.311470866203308
-33050.291944026947021
-33050.275299429893494
-33050.260961890220642
-33050.243537425994873
-33050.226131677627563
-33050.207704424858093
-33050.192574620246887
-33050.183649182319641
-33050.170638084411621
-33050.159653782844543
-33050.13749098777771
-33050.118011832237244
-33050.104990839958191
-33050.088181853294373
-33050.075949668884277
-33050.052650332450867
-33050.044276833534241
-33050.031611442565918
-33050.007681131362915
-33049.998988270759583
-33049.982343554496765
-33049.958875179290771
-33049.946484923362732
-33049.934517979621887
-33049.925208687782288
-33049.908169746398926
-33049.898395538330078
-33049.885774850845337
-33049.873764395713806
-33049.860106825828552
-33049.842914342880249
-33049.832930326461792
-33049.815581202507019
-33049.799003839492798
-33049.784671187400818
-33049.773363590240479
-33049.769689440727234
-33049.757419586181641
-33049.746004343032837
-33049.73950457572937
-33049.728997588157654
-33049.722583174705505
-33049.717879891395569
-33049.708045840263367
-33049.69630241394043
-33049.687962412834167
-33049.677925705909729
-33049.670442461967468
-33049.661212086677551
-33049.646602153778076
-33049.632007241249084
-33049.62538468837738
-33049.620044469833374
-33049.606380105018616
-33049.599653124809265
-33049.593459725379944
-33049.581501126289368
-33049.566473841667175
-33049.556421518325806
-33049.543829441070557
-33049.537618637084961
-33049.528265833854675
-33049.517847180366516
-33049.511908173561096
-33049.500590205192566
-33049.489616870880127
-33049.484800696372986
-33049.469994783401489
-33049.459677219390869
-33049.453048706054688
-33049.448867917060852
-33049.437051296234131
-33049.430412650108337
-33049.41505229473114
-33049.401856303215027
-33049.386812329292297
-33049.37507951259613
-33049.371378898620605
-33049.364533185958862
-33049.352483034133911
-33049.338252663612366
-33049.328268766403198
-33049.315447092056274
-33049.307454109191895
-33049.29468560218811
-33049.294256687164307
-33049.292130827903748
-33049.276926517486572
-33049.273822903633118
-33049.273937344551086
-33049.273586392402649
-33049.267292141914368
-33049.26261842250824
-33049.247627973556519
-33049.235653758049011
-33049.225973844528198
-33049.22230863571167
-33049.215508937835693
-33049.211525082588196
-33049.203810691833496
-33049.200886845588684
-33049.190030217170715
-33049.178136110305786
-33049.168321371078491
-33049.164547324180603
-33049.157782077789307
-33049.157512068748474
-33049.153399229049683
-33049.155236005783081
-33049.151832222938538
-33049.13827121257782
-33049.128618240356445
-33049.12238347530365
-33049.116353511810303
-33049.11242139339447
-33049.10524308681488
-33049.100177645683289
-33049.094481348991394
-33049.094879627227783
-33049.082159042358398
-33049.076098918914795
-33049.069998979568481
-33049.065177202224731
-33049.061949372291565
-33049.052773833274841
-33049.045268177986145
-33049.042223215103149
-33049.039791226387024
-33049.035929083824158
-33049.026064157485962
-33049.019242644309998
-33049.019527196884155
-33049.016659498214722
-33049.015144824981689
-33049.014966368675232
-33049.016586899757385
-33049.016817927360535
-33049.002595663070679
-33049.000482082366943
-33048.996808052062988
-33048.992115616798401
-33048.994091987609863
-33048.997935771942139
-33048.986838221549988
-33048.993191599845886
-33048.984896421432495
-33048.984217524528503
-33048.980019807815552
-33048.978299617767334
-33048.978797793388367
-33048.978994488716125
-33048.988903760910034
-33048.983461141586304
-33048.981997609138489
-33048.974409580230713
-33048.96891725063324
-33048.969585657119751
-33048.97108256816864
-33048.971449136734009
-33048.973292350769043
-33048.97508716583252
-33048.968049287796021
-33048.965540289878845
-33048.963667750358582
-33048.961508989334106
-33048.954629898071289
-33048.956229567527771
-33048.956191420555115
-33048.950197577476501
-33048.947801828384399
-33048.944346189498901
-33048.939214468002319
-33048.946930766105652
-33048.952465415000916
-33048.950903177261353
-33048.95184314250946
-33048.955097317695618
-33048.950988054275513
-33048.949562788009644
-33048.952038168907166
-33048.947361826896667
-33048.948034048080444
-33048.953115105628967
-33048.9533931016922
-33048.941712975502014
-33048.942541003227234
-33048.93870222568512
-33048.933284521102905
-33048.927724242210388
-33048.918887734413147
-33048.917351841926575
-33048.914332747459412
-33048.922845363616943
-33048.916483521461487
-33048.915247321128845
-33048.913272261619568
-33048.918630003929138
-33048.928531050682068
-33048.932116746902466
-33048.930929660797119
-33048.929604053497314
-33048.915795803070068
-33048.914672613143921
-33048.908587098121643
-33048.910789966583252
-33048.913641810417175
-33048.911592841148376
-33048.909365892410278
-33048.905892014503479
-33048.905206561088562
-33048.90997302532196
-33048.907329678535461
-33048.90706467628479
-33048.911157608032227
-33048.916624546051025
-33048.921252489089966
-33048.923681259155273
-33048.9290771484375
-33048.933782696723938
-33048.92989194393158
-33048.936277508735657
-33048.940823078155518
-33048.949135184288025
-33048.952858209609985
-33048.954445958137512
-33048.969723701477051
-33048.970930218696594
-33048.97088623046875
-33048.980885624885559
-33048.974644303321838
-33048.972561120986938
-33048.973582625389099
-33048.980818390846252
-33048.990288615226746
-33048.99218225479126
-33048.997472763061523
-33049.000068306922913
-33048.999721169471741
-33049.007604241371155
-33049.010388374328613
-33049.010316729545593
-33049.013942003250122
-33049.020121455192566
-33049.02571439743042
-33049.027132749557495
-33049.031449913978577
-33049.021255254745483
-33049.020422458648682
-33049.027104735374451
-33049.022307395935059
-33049.023638129234314
-33049.021152019500732
-33049.021118760108948
-33049.018067717552185
-33049.014816761016846
-33049.012907743453979
-33049.019755482673645
-33049.028794169425964
-33049.036285638809204
-33049.040911436080933
-33049.040255546569824
-33049.060698747634888
-33049.064598202705383
-33049.057091593742371
-33049.062543392181396
-33049.064731359481812
-33049.06882655620575
-33049.077120900154114
-33049.071792244911194
-33049.079620957374573
-33049.088105797767639
-33049.100893616676331
-33049.099958300590515
-33049.094583034515381
-33049.105850458145142
-33049.112078905105591
-33049.118447065353394
-33049.123928785324097
-33049.121227502822876
-33049.124991536140442
-33049.135623216629028
-33049.148349285125732
-33049.149256825447083
-33049.1543869972229
-33049.158795237541199
-33049.171062350273132
-33049.175812005996704
-33049.184120297431946
-33049.193286061286926
-33049.195901989936829
-33049.197888493537903
-33049.199366211891174
-33049.210010647773743
-33049.225428819656372
-33049.227387189865112
-33049.233444333076477
-33049.241811156272888
-33049.25080132484436
-33049.258251428604126
-33049.268851399421692
-33049.272210836410522
-33049.275502681732178
-33049.283815622329712
-33049.288261413574219
-33049.287577986717224
-33049.294562101364136
-33049.300583243370056
-33049.308613061904907
-33049.313746809959412
-33049.315989971160889
-33049.321035742759705
-33049.324728608131409
-33049.335349798202515
-33049.346347332000732
-33049.362210631370544
-33049.368890762329102
-33049.386531591415405
-33049.392275810241699
-33049.399472594261169
-33049.418128728866577
-33049.426895380020142
-33049.44304633140564
-33049.457265973091125
-33049.472885370254517
-33049.48274564743042
-33049.490008592605591
-33049.497226476669312
-33049.498318672180176
-33049.510847806930542
-33049.517098665237427
-33049.533871412277222
-33049.545856833457947
-33049.560036420822144
-33049.571767926216125
-33049.588190078735352
-33049.599567532539368
-33049.603998303413391
-33049.617059946060181
-33049.639695525169373
-33049.651605606079102
-33049.67661714553833
-33049.688755631446838
-33049.705401420593262
-33049.707891225814819
-33049.717643857002258
-33049.735881805419922
-33049.747618794441223
-33049.762910604476929
-33049.773042321205139
-33049.790194153785706
-33049.795625805854797
-33049.80355966091156
-33049.814650177955627
-33049.831200122833252
-33049.844638109207153
-33049.867151379585266
-33049.877474188804626
-33049.889612197875977
-33049.892465353012085
-33049.908252358436584
-33049.911334037780762
-33049.923964142799377
-33049.934004306793213
-33049.942129373550415
-33049.95353364944458
-33049.975233793258667
-33049.991723299026489
-33049.990667700767517
-33050.002299427986145
-33050.011182188987732
-33050.018977642059326
-33050.028972625732422
-33050.044894695281982
-33050.057669162750244
-33050.075867414474487
-33050.091723680496216
-33050.110310792922974
-33050.125447511672974
-33050.140284538269043
-33050.163246035575867
-33050.181873917579651
-33050.191649556159973
-33050.209327936172485
-33050.219433546066284
-33050.234041929244995
-33050.248088479042053
-33050.272136926651001
-33050.283009052276611
-33050.301390290260315
-33050.324747323989868
-33050.342990875244141
-33050.367304563522339
-33050.378218054771423
-33050.387718796730042
-33050.402014374732971
-33050.409137606620789
-33050.425661683082581
-33050.44937527179718
-33050.465048551559448
-33050.47574508190155
-33050.496953010559082
-33050.511262774467468
-33050.531758308410645
-33050.550416111946106
-33050.569613575935364
-33050.591396570205688
-33050.608760356903076
-33050.632413506507874
-33050.643365502357483
-33050.657457828521729
-33050.678510785102844
-33050.689546942710876
-33050.706242322921753
-33050.720202088356018
-33050.735307216644287
-33050.752060055732727
-33050.767833709716797
-33050.784259557723999
-33050.814061164855957
-33050.839220643043518
-33050.84917426109314
-33050.867442607879639
-33050.884761214256287
-33050.90028977394104
-33050.915645718574524
-33050.939896702766418
-33050.951807737350464
-33050.968762397766113
-33050.987955212593079
-33050.998317122459412
-33051.017168641090393
-33051.024020791053772
-33051.039353847503662
-33051.058268427848816
-33051.072537779808044
-33051.095075488090515
-33051.119061350822449
-33051.135909080505371
-33051.15982973575592
-33051.182130575180054
-33051.197382211685181
-33051.212628722190857
-33051.227322697639465
-33051.244450688362122
-33051.261375665664673
-33051.288190364837646
-33051.311023116111755
-33051.335419535636902
-33051.355383396148682
-33051.372210383415222
-33051.391949415206909
-33051.416595697402954
-33051.431255698204041
-33051.462558746337891
-33051.494069695472717
-33051.516393423080444
-33051.532032132148743
-33051.553897976875305
-33051.569646954536438
-33051.593286037445068
-33051.613618731498718
-33051.637677550315857
-33051.661309123039246
-33051.680577754974365
-33051.709740400314331
-33051.739080905914307
-33051.767557740211487
-33051.791918158531189
-33051.813870787620544
-33051.84238600730896
-33051.869301080703735
-33051.896117687225342
-33051.923304438591003
-33051.952406048774719
-33051.980874061584473
-33052.008097887039185
-33052.033508777618408
-33052.05744206905365
-33052.08538019657135
-33052.104223012924194
-33052.126069068908691
-33052.145338296890259
-33052.167349457740784
-33052.197912931442261
-33052.220905423164368
-33052.241276502609253
-33052.265362858772278
-33052.282921552658081
-33052.30679714679718
-33052.335736036300659
-33052.363484978675842
-33052.386032819747925
-33052.409541130065918
-33052.433982014656067
-33052.457578063011169
-33052.485146641731262
-33052.515430927276611
-33052.54493522644043
-33052.567087292671204
-33052.590345621109009
-33052.619461536407471
-33052.655247688293457
-33052.677979111671448
-33052.700626730918884
-33052.718214750289917
-33052.746044874191284
-33052.765707850456238
-33052.791789531707764
-33052.807650923728943
-33052.820783019065857
-33052.836874008178711
-33052.859174489974976
-33052.880552411079407
-33052.902174592018127
-33052.928613185882568
-33052.961826801300049
-33052.984127044677734
-33053.007338762283325
-33053.03186571598053
-33053.051387786865234
-33053.074228286743164
-33053.095618605613708
-33053.126345872879028
-33053.161322832107544
-33053.181576132774353
-33053.205726385116577
-33053.231669187545776
-33053.251570582389832
-33053.264801025390625
-33053.294841527938843
-33053.319127798080444
-33053.338717103004456
-33053.363545060157776
-33053.380479216575623
-33053.405525326728821
-33053.425288081169128
-33053.443174600601196
-33053.45931351184845
-33053.477224111557007
-33053.478124618530273
-33053.500877499580383
-33053.510156869888306
-33053.528069734573364
-33053.530480742454529
-33053.542510867118835
-33053.559778451919556
-33053.579095482826233
-33053.601162075996399
-33053.608632922172546
-33053.62921929359436
-33053.63784646987915
-33053.6437828540802
-33053.657386779785156
-33053.659982800483704
-33053.673738598823547
-33053.688550233840942
-33053.693665623664856
-33053.705677628517151
-33053.719679832458496
-33053.72754442691803
-33053.740476012229919
-33053.744348764419556
-33053.756361842155457
-33053.759952664375305
-33053.757238507270813
-33053.756793260574341
-33053.739294409751892
-33053.7327641248703
-33053.733241677284241
-33053.724228262901306
-33053.717437744140625
-33053.711209416389465
-33053.69392192363739
-33053.685906529426575
-33053.674403667449951
-33053.640209794044495
-33053.614953398704529
-33053.583832502365112
-33053.55310046672821
-33053.530260801315308
-33053.485669851303101
-33053.446960091590881
-33053.407341599464417
-33053.346715569496155
-33053.296887755393982
-33053.253223061561584
-33053.197023391723633
-33053.138921618461609
-33053.068896532058716
-33053.004807949066162
-33052.922913074493408
-33052.837601780891418
-33052.73970365524292
-33052.652146458625793
-33052.557847857475281
-33052.443316578865051
-33052.327268123626709
-33052.209264636039734
-33052.065125346183777
-33051.93992292881012
-33051.792658090591431
-33051.622843742370605
-33051.452538371086121
-33051.276312828063965
-33051.086264610290527
-33050.887502670288086
-33050.682846546173096
-33050.47739040851593
-33050.249079346656799
-33050.023350596427917
-33049.754886507987976
-33049.485336542129517
-33049.188522934913635
-33048.897167325019836
-33048.569855093955994
-33048.230691313743591
-33047.880789160728455
-33047.515222311019897
-33047.109016895294189
-33046.688032507896423
-33046.235278487205505
-33045.764888525009155
-33045.268314599990845
-33044.717462062835693
-33044.155165433883667
-33043.548824906349182
-33042.892706513404846
-33042.228843688964844
-33041.502639770507812
-33040.743829607963562
-33039.933009266853333
-33039.058600068092346
-33038.119958877563477
-33037.10312819480896
-33036.012981534004211
-33034.843342185020447
-33033.58296275138855
-33032.223999738693237
-33030.672753095626831
-33029.013676404953003
-33027.124581098556519
-33024.963389039039612
-33022.373787641525269
-33019.108704924583435
