-345301.29685592651367
-345309.6397864818573
-345316.60532546043396
-345323.1387631893158
-345329.37207651138306
-345335.38276886940002
-345341.2130982875824
-345346.88943338394165
-345352.43267476558685
-345357.85899174213409
-345363.18083453178406
-345368.40939831733704
-345373.55210244655609
-345378.61472582817078
-345383.60444748401642
-345388.52721118927002
-345393.38678193092346
-345398.18610429763794
-345402.92911744117737
-345407.61915445327759
-345412.25900876522064
-345416.85100889205933
-345421.39762842655182
-345425.90082943439484
-345430.36251437664032
-345434.7839640378952
-345439.16742277145386
-345443.51535284519196
-345447.82727086544037
-345452.10507082939148
-345456.34967935085297
-345460.56274378299713
-345464.74508774280548
-345468.89752233028412
-345473.02078485488892
-345477.11647891998291
-345481.18535113334656
-345485.22690463066101
-345489.2421783208847
-345493.23252940177917
-345497.19916021823883
-345501.14252138137817
-345505.06254756450653
-345508.96060585975647
-345512.83531022071838
-345516.68791735172272
-345520.52024745941162
-345524.33201313018799
-345528.12358736991882
-345531.89504778385162
-345535.64701902866364
-345539.38035500049591
-345543.09514439105988
-345546.79226469993591
-345550.47176277637482
-345554.13360857963562
-345557.77755439281464
-345561.40484988689423
-345565.01585292816162
-345568.61093747615814
-345572.18984377384186
-345575.7529684305191
-345579.30108869075775
-345582.8346164226532
-345586.35287499427795
-345589.85619878768921
-345593.34521496295929
-345596.81936848163605
-345600.27936220169067
-345603.72592604160309
-345607.15867531299591
-345610.5783908367157
-345613.98502969741821
-345617.37921953201294
-345620.75966465473175
-345624.12707471847534
-345627.48238897323608
-345630.82529270648956
-345634.15666472911835
-345637.4764666557312
-345640.78425633907318
-345644.08026850223541
-345647.36465728282928
-345650.63812172412872
-345653.90040910243988
-345657.15102541446686
-345660.39136409759521
-345663.62035429477692
-345666.83845555782318
-345670.04547762870789
-345673.24261128902435
-345676.4291296005249
-345679.60515594482422
-345682.7712904214859
-345685.92709934711456
-345689.07348835468292
-345692.21020996570587
-345695.33710646629333
-345698.45436668395996
-345701.56291663646698
-345704.66158676147461
-345707.75104582309723
-345710.83138716220856
-345713.90232968330383
-345716.96402025222778
-345720.01781618595123
-345723.06223595142365
-345726.09828436374664
-345729.12623286247253
-345732.14492547512054
-345735.15560507774353
-345738.15721905231476
-345741.15064251422882
-345744.13619470596313
-345747.11381483078003
-345750.08221518993378
-345753.04254460334778
-345755.99471771717072
-345758.93976521492004
-345761.87755393981934
-345764.80794763565063
-345767.73048436641693
-345770.64585542678833
-345773.55266618728638
-345776.4518541097641
-345779.34373104572296
-345782.22785413265228
-345785.10549449920654
-345787.97590601444244
-345790.83926272392273
-345793.69431662559509
-345796.54334330558777
-345799.38534712791443
-345802.22019171714783
-345805.04918694496155
-345807.87147796154022
-345810.6864378452301
-345813.49490427970886
-345816.2960410118103
-345819.09101581573486
-345821.87951481342316
-345824.66035485267639
-345827.43477356433868
-345830.20355892181396
-345832.96523010730743
-345835.72126436233521
-345838.47087395191193
-345841.21405208110809
-345843.95152723789215
-345846.68234550952911
-345849.40756821632385
-345852.12644124031067
-345854.83965146541595
-345857.54607844352722
-345860.2466367483139
-345862.94174098968506
-345865.63127982616425
-345868.31446659564972
-345870.99178850650787
-345873.66335487365723
-345876.33013319969177
-345878.99106645584106
-345881.64641737937927
-345884.29630780220032
-345886.93960988521576
-345889.57743310928345
-345892.209308385849
-345894.83659565448761
-345897.45860576629639
-345900.07487392425537
-345902.6855628490448
-345905.29143393039703
-345907.89142417907715
-345910.48552930355072
-345913.07537984848022
-345915.65993094444275
-345918.23944175243378
-345920.81300091743469
-345923.38202929496765
-345925.94512438774109
-345928.50359892845154
-345931.05735301971436
-345933.60587668418884
-345936.14786171913147
-345938.6869283914566
-345941.22165095806122
-345943.75115561485291
-345946.27461516857147
-345948.79405331611633
-345951.30831229686737
-345953.81785416603088
-345956.32242178916931
-345958.82231724262238
-345961.3177695274353
-345963.80824613571167
-345966.29375636577606
-345968.77467572689056
-345971.2509263753891
-345973.72242295742035
-345976.18961799144745
-345978.65231001377106
-345981.11133468151093
-345983.5649688243866
-345986.01383244991302
-345988.45840072631836
-345990.89958143234253
-345993.33549833297729
-345995.76735210418701
-345998.19528210163116
-346000.6193243265152
-346003.03809762001038
-346005.45272219181061
-346007.86328160762787
-346010.26899170875549
-346012.66944754123688
-346015.06661653518677
-346017.45925748348236
-346019.84821236133575
-346022.23244547843933
-346024.61386013031006
-346026.99052739143372
-346029.36285579204559
-346031.73106181621552
-346034.0956164598465
-346036.45649695396423
-346038.81288516521454
-346041.16453075408936
-346043.51177394390106
-346045.85509538650513
-346048.19526433944702
-346050.53119122982025
-346052.86244976520538
-346055.19084298610687
-346057.51545488834381
-346059.83533728122711
-346062.15226089954376
-346064.46546125411987
-346066.77504849433899
-346069.08087158203125
-346071.38364255428314
-346073.68173027038574
-346075.97569739818573
-346078.26597630977631
-346080.55168700218201
-346082.83545506000519
-346085.11593413352966
-346087.39201557636261
-346089.66430580615997
-346091.93216919898987
-346094.19678175449371
-346096.4571624994278
-346098.71491503715515
-346100.9690568447113
-346103.21931660175323
-346105.46551704406738
-346107.70874381065369
-346109.94700717926025
-346112.18296337127686
-346114.41655397415161
-346116.64665591716766
-346118.8725574016571
-346121.09502100944519
-346123.31328880786896
-346125.52809453010559
-346127.74004757404327
-346129.94662630558014
-346132.15050256252289
-346134.35219252109528
-346136.55052924156189
-346138.74505412578583
-346140.93495106697083
-346143.12385773658752
-346145.30748224258423
-346147.48832440376282
-346149.66678309440613
-346151.84183168411255
-346154.01375031471252
-346156.18188774585724
-346158.348029255867
-346160.50952076911926
-346162.66770684719086
-346164.82374429702759
-346166.97572863101959
-346169.12489008903503
-346171.27007579803467
-346173.41262269020081
-346175.55220198631287
-346177.68745589256287
-346179.82079684734344
-346181.95031559467316
-346184.07580971717834
-346186.19984555244446
-346188.3200249671936
-346190.43756127357483
-346192.55172049999237
-346194.66280031204224
-346196.76971280574799
-346198.87542629241943
-346200.97712790966034
-346203.07486844062805
-346205.16965436935425
-346207.26173567771912
-346209.35058319568634
-346211.4372421503067
-346213.5203001499176
-346215.60071313381195
-346217.67759621143341
-346219.75258409976959
-346221.82440626621246
-346223.89260840415955
-346225.95774614810944
-346228.01957714557648
-346230.07887244224548
-346232.13532280921936
-346234.19091486930847
-346236.24215853214264
-346238.29048264026642
-346240.33533358573914
-346242.37883639335632
-346244.41866672039032
-346246.45569407939911
-346248.48902940750122
-346250.52146637439728
-346252.54997098445892
-346254.57620215415955
-346256.59889078140259
-346258.61934745311737
-346260.63674962520599
-346262.650346159935
-346264.66204214096069
-346266.67151880264282
-346268.67663753032684
-346270.67946338653564
-346272.68128418922424
-346274.6790452003479
-346276.67403614521027
-346278.66676378250122
-346280.65622675418854
-346282.64280724525452
-346284.6269702911377
-346286.6089426279068
-346288.58912813663483
-346290.56533253192902
-346292.539421916008
-346294.5100816488266
-346296.47821831703186
-346298.44412517547607
-346300.40838849544525
-346302.36935377120972
-346304.32686722278595
-346306.28368854522705
-346308.23688936233521
-346310.18725764751434
-346312.13362526893616
-346314.07804429531097
-346316.02020084857941
-346317.95935213565826
-346319.89552807807922
-346321.83005559444427
-346323.76167607307434
-346325.6905015707016
-346327.61776232719421
-346329.54038774967194
-346331.46195137500763
-346333.38131070137024
-346335.29768025875092
-346337.21096479892731
-346339.12104785442352
-346341.0301718711853
-346342.93743777275085
-346344.84041917324066
-346346.74311912059784
-346348.64396977424622
-346350.54193544387817
-346352.43590784072876
-346354.32730948925018
-346356.21706628799438
-346358.10419762134552
-346359.98909032344818
-346361.8697372674942
-346363.74851262569427
-346365.62671637535095
-346367.50060176849365
-346369.37228214740753
-346371.2427624464035
-346373.11069273948669
-346374.97539556026459
-346376.83775877952576
-346378.69700074195862
-346380.55403530597687
-346382.40934789180756
-346384.26215064525604
-346386.11266362667084
-346387.96147727966309
-346389.80777680873871
-346391.65218758583069
-346393.493861079216
-346395.33289909362793
-346397.1692863702774
-346399.00369095802307
-346400.83628618717194
-346402.66496860980988
-346404.49200296401978
-346406.31711530685425
-346408.14018166065216
-346409.96103549003601
-346411.77768921852112
-346413.593097448349
-346415.40748143196106
-346417.21945774555206
-346419.02847480773926
-346420.83514499664307
-346422.64061224460602
-346424.4441294670105
-346426.24382853507996
-346428.04186546802521
-346429.83828604221344
-346431.63113880157471
-346433.42201209068298
-346435.20983099937439
-346436.99671840667725
-346438.78129851818085
-346440.5638622045517
-346442.34375250339508
-346444.12103652954102
-346445.89624106884003
-346447.67052209377289
-346449.44243288040161
-346451.21158933639526
-346452.9772424697876
-346454.74190759658813
-346456.50376057624817
-346458.26323175430298
-346460.02130997180939
-346461.77782344818115
-346463.53162741661072
-346465.2829737663269
-346467.03104913234711
-346468.77941477298737
-346470.52574932575226
-346472.26873981952667
-346474.00898051261902
-346475.74708735942841
-346477.48436844348907
-346479.21809506416321
-346480.95071637630463
-346482.6803787946701
-346484.40941524505615
-346486.13554775714874
-346487.85998725891113
-346489.58086144924164
-346491.30101764202118
-346493.01838397979736
-346494.73360872268677
-346496.4465264081955
-346498.15764832496643
-346499.8659656047821
-346501.57303702831268
-346503.27840840816498
-346504.98333978652954
-346506.68531620502472
-346508.38545751571655
-346510.08270001411438
-346511.77859354019165
-346513.47101986408234
-346515.16201722621918
-346516.85068380832672
-346518.53701257705688
-346520.22216844558716
-346521.90418434143066
-346523.58495151996613
-346525.26283001899719
-346526.93948698043823
-346528.61373102664948
-346530.28547203540802
-346531.95567262172699
-346533.62449193000793
-346535.29158055782318
-346536.956547498703
-346538.61896598339081
-346540.27985858917236
-346541.93798434734344
-346543.59501802921295
-346545.24949896335602
-346546.9008971452713
-346548.5515501499176
-346550.20021843910217
-346551.84640431404114
-346553.49087965488434
-346555.13293778896332
-346556.77325367927551
-346558.41262876987457
-346560.04970705509186
-346561.68490672111511
-346563.31762135028839
-346564.94767117500305
-346566.57554543018341
-346568.20204079151154
-346569.82647633552551
-346571.44991874694824
-346573.0704540014267
-346574.69070470333099
-346576.30901861190796
-346577.92442548274994
-346579.53813648223877
-346581.1501476764679
-346582.75891673564911
-346584.36684489250183
-346585.97413218021393
-346587.57883489131927
-346589.18203794956207
-346590.78159809112549
-346592.38113176822662
-346593.97778761386871
-346595.57272493839264
-346597.16424250602722
-346598.75440192222595
-346600.34385371208191
-346601.93049609661102
-346603.51629221439362
-346605.09872078895569
-346606.68051326274872
-346608.25965702533722
-346609.83546197414398
-346611.41139113903046
-346612.98529171943665
-346614.5569064617157
-346616.12703907489777
-346617.69473719596863
-346619.25939071178436
-346620.82373631000519
-346622.38810813426971
-346623.94897496700287
-346625.50683438777924
-346627.06302773952484
-346628.61787986755371
-346630.1700302362442
-346631.72181713581085
-346633.27169871330261
-346634.81832778453827
-346636.36592543125153
-346637.91032326221466
-346639.45216000080109
-346640.99156069755554
-346642.53040599822998
-346644.06736850738525
-346645.60205137729645
-346647.13528406620026
-346648.66677236557007
-346650.19626080989838
-346651.72335863113403
-346653.24915730953217
-346654.77211916446686
-346656.29456865787506
-346657.81402456760406
-346659.33200240135193
-346660.84873712062836
-346662.36362266540527
-346663.87634837627411
-346665.38753521442413
-346666.89701640605927
-346668.40456295013428
-346669.90924954414368
-346671.4127072095871
-346672.91440713405609
-346674.41359722614288
-346675.91449415683746
-346677.41253769397736
-346678.90844428539276
-346680.40313708782196
-346681.89326071739197
-346683.38262605667114
-346684.87049102783203
-346686.35738790035248
-346687.84241282939911
-346689.32598447799683
-346690.80690932273865
-346692.28614819049835
-346693.76287388801575
-346695.23908174037933
-346696.71449363231659
-346698.18717110157013
-346699.65734124183655
-346701.12463319301605
-346702.59162628650665
-346704.05548524856567
-346705.51850509643555
-346706.9791533946991
-346708.43916618824005
-346709.89728224277496
-346711.35367131233215
-346712.80777966976166
-346714.26047718524933
-346715.71239256858826
-346717.16121244430542
-346718.60923004150391
-346720.05588400363922
-346721.50133037567139
-346722.94325029850006
-346724.3834216594696
-346725.82238852977753
-346727.25917780399323
-346728.69508671760559
-346730.12911558151245
-346731.562873005867
-346732.99452829360962
-346734.42278718948364
-346735.84995496273041
-346737.27730619907379
-346738.70038223266602
-346740.12086856365204
-346741.54272818565369
-346742.96160566806793
-346744.37779819965363
-346745.79362320899963
-346747.20835840702057
-346748.62068581581116
-346750.03078436851501
-346751.43735706806183
-346752.84471094608307
-346754.24930489063263
-346755.65258538722992
-346757.05576312541962
-346758.45613765716553
-346759.85318195819855
-346761.24995672702789
-346762.64517962932587
-346764.03949165344238
-346765.43103098869324
-346766.82064747810364
-346768.20855116844177
-346769.59514105319977
-346770.97943949699402
-346772.36219668388367
-346773.7447315454483
-346775.12662041187286
-346776.50469529628754
-346777.88164877891541
-346779.25682175159454
-346780.62854266166687
-346781.99990236759186
-346783.37086272239685
-346784.73708188533783
-346786.10349380970001
-346787.46726191043854
-346788.8302161693573
-346790.19169211387634
-346791.5523796081543
-346792.91175544261932
-346794.26926481723785
-346795.62273943424225
-346796.97396636009216
-346798.32655274868011
-346799.67676210403442
-346801.02449703216553
-346802.37184774875641
-346803.7174654006958
-346805.06093096733093
-346806.40362501144409
-346807.74312257766724
-346809.08216679096222
-346810.41790759563446
-346811.75324594974518
-346813.08684241771698
-346814.42138350009918
-346815.75178074836731
-346817.08089733123779
-346818.40956234931946
-346819.73558211326599
-346821.05992567539215
-346822.3824063539505
-346823.70352530479431
-346825.02284955978394
-346826.34066188335419
-346827.65516698360443
-346828.96818268299103
-346830.28172969818115
-346831.59175431728363
-346832.90077674388885
-346834.20839965343475
-346835.51458013057709
-346836.81957650184631
-346838.12278187274933
-346839.42404854297638
-346840.7239636182785
-346842.02207267284393
-346843.31803274154663
-346844.61491537094116
-346845.90843284130096
-346847.20121002197266
-346848.49245309829712
-346849.78105437755585
-346851.06858479976654
-346852.35392391681671
-346853.63668191432953
-346854.91870284080505
-346856.20071697235107
-346857.48078238964081
-346858.75917422771454
-346860.03554368019104
-346861.31046724319458
-346862.58345770835876
-346863.85598278045654
-346865.12531912326813
-346866.39423632621765
-346867.66101932525635
-346868.9248263835907
-346870.18916666507721
-346871.45080316066742
-346872.71155869960785
-346873.96834170818329
-346875.22510206699371
-346876.48222029209137
-346877.73722231388092
-346878.99027061462402
-346880.24062085151672
-346881.49035060405731
-346882.73761200904846
-346883.98269069194794
-346885.22806632518768
-346886.47175550460815
-346887.71315181255341
-346888.9536052942276
-346890.19185554981232
-346891.42810356616974
-346892.66336333751678
-346893.89600300788879
-346895.12883818149567
-346896.35898268222809
-346897.58782744407654
-346898.81402945518494
-346900.038813829422
-346901.26278674602509
-346902.48333668708801
-346903.70384347438812
-346904.92292237281799
-346906.13988697528839
-346907.35662031173706
-346908.57025909423828
-346909.78227972984314
-346910.99233877658844
-346912.20010244846344
-346913.40699279308319
-346914.61228919029236
-346915.81736934185028
-346917.02059173583984
-346918.22150957584381
-346919.42180740833282
-346920.62137162685394
-346921.817263007164
-346923.01351094245911
-346924.20679414272308
-346925.39777433872223
-346926.58925604820251
-346927.77951669692993
-346928.96771824359894
-346930.15390455722809
-346931.33849513530731
-346932.5203902721405
-346933.7006653547287
-346934.87972283363342
-346936.05614876747131
-346937.2318559885025
-346938.40543150901794
-346939.57939374446869
-346940.75051367282867
-346941.92069756984711
-346943.08952867984772
-346944.25618278980255
-346945.42038726806641
-346946.58404874801636
-346947.74750578403473
-346948.90686285495758
-346950.06463205814362
-346951.22419548034668
-346952.38075459003448
-346953.53366541862488
-346954.68681681156158
-346955.8385443687439
-346956.99050414562225
-346958.14040386676788
-346959.28947281837463
-346960.43279671669006
-346961.57761716842651
-346962.72115969657898
-346963.86128044128418
-346965.00105571746826
-346966.13929486274719
-346967.27602708339691
-346968.40969121456146
-346969.54093647003174
-346970.67247259616852
-346971.80328524112701
-346972.93198490142822
-346974.05922102928162
-346975.18598353862762
-346976.31084883213043
-346977.43343675136566
-346978.55337059497833
-346979.67156720161438
-346980.78661978244781
-346981.90299880504608
-346983.01752305030823
-346984.1305695772171
-346985.24124181270599
-346986.35183942317963
-346987.46077966690063
-346988.56662952899933
-346989.67369174957275
-346990.77771151065826
-346991.87972617149353
-346992.9798504114151
-346994.08220076560974
-346995.18042862415314
-346996.27619183063507
-346997.37085294723511
-346998.46297597885132
-346999.5534884929657
-347000.64256298542023
-347001.73143899440765
-347002.81579029560089
-347003.90052282810211
-347004.98293614387512
-347006.06422472000122
-347007.14538729190826
-347008.22340130805969
-347009.30155801773071
-347010.37631046772003
-347011.45132434368134
-347012.52387738227844
-347013.59534072875977
-347014.66437578201294
-347015.73201191425323
-347016.80036008358002
-347017.8645486831665
-347018.92826092243195
-347019.98873972892761
-347021.05090665817261
-347022.11258733272552
-347023.16760325431824
-347024.22394061088562
-347025.2776460647583
-347026.33101713657379
-347027.38214123249054
-347028.4291969537735
-347029.47756278514862
-347030.52472233772278
-347031.56895279884338
-347032.61300003528595
-347033.65439295768738
-347034.69377481937408
-347035.72941422462463
-347036.76570153236389
-347037.79987478256226
-347038.83159708976746
-347039.86427712440491
-347040.89537608623505
-347041.92263746261597
-347042.94857215881348
-347043.97411179542542
-347044.99946570396423
-347046.0201119184494
-347047.04339492321014
-347048.06349980831146
-347049.08176851272583
-347050.10083675384521
-347051.11444056034088
-347052.12804627418518
-347053.14065909385681
-347054.15117514133453
-347055.15940046310425
-347056.16840934753418
-347057.17446625232697
-347058.18126976490021
-347059.18266224861145
-347060.18497848510742
-347061.18531537055969
-347062.18447923660278
-347063.18403327465057
-347064.17946076393127
-347065.17375719547272
-347066.16403818130493
-347067.15321016311646
-347068.14166641235352
-347069.12943744659424
-347070.11683809757233
-347071.10200679302216
-347072.08338284492493
-347073.06488156318665
-347074.0425283908844
-347075.02039170265198
-347075.99897754192352
-347076.9742819070816
-347077.94564580917358
-347078.91776382923126
-347079.88711738586426
-347080.8535304069519
-347081.82295036315918
-347082.78913390636444
-347083.74991738796234
-347084.71036922931671
-347085.67037677764893
-347086.62946021556854
-347087.58651947975159
-347088.54281711578369
-347089.49815142154694
-347090.45149779319763
-347091.40262269973755
-347092.35333669185638
-347093.29919719696045
-347094.24757635593414
-347095.19080984592438
-347096.13403928279877
-347097.07599878311157
-347098.01579594612122
-347098.9549195766449
-347099.89164638519287
-347100.82868075370789
-347101.76232850551605
-347102.69668519496918
-347103.62828934192657
-347104.55687236785889
-347105.48498404026031
-347106.41137313842773
-347107.33603668212891
-347108.25904631614685
-347109.18154144287109
-347110.10144245624542
-347111.01992559432983
-347111.9363921880722
-347112.85154044628143
-347113.76204252243042
-347114.67444229125977
-347115.58660936355591
-347116.49639344215393
-347117.4003279209137
-347118.30477046966553
-347119.20720398426056
-347120.10918593406677
-347121.01044297218323
-347121.90899765491486
-347122.80461752414703
-347123.70073211193085
-347124.59390342235565
-347125.48532795906067
-347126.3751767873764
-347127.26538419723511
-347128.15259659290314
-347129.03911280632019
-347129.92308986186981
-347130.8078920841217
-347131.68849992752075
-347132.56692171096802
-347133.44433176517487
-347134.32354831695557
-347135.19930899143219
-347136.07196390628815
-347136.94548666477203
-347137.81896138191223
-347138.68930327892303
-347139.55657613277435
-347140.42101788520813
-347141.28421473503113
-347142.1495600938797
-347143.00934708118439
-347143.86829042434692
-347144.72711253166199
-347145.58675253391266
-347146.43853223323822
-347147.2908102273941
-347148.14347755908966
-347148.99363613128662
-347149.84195637702942
-347150.68700301647186
-347151.52971053123474
-347152.37378191947937
-347153.21470904350281
-347154.05472207069397
-347154.8937965631485
-347155.7296895980835
-347156.56491088867188
-347157.39781630039215
-347158.23115110397339
-347159.06192719936371
-347159.89318323135376
-347160.72047865390778
-347161.54479873180389
-347162.36666178703308
-347163.18819320201874
-347164.00963234901428
-347164.82834684848785
-347165.6463303565979
-347166.459965467453
-347167.27384042739868
-347168.08672773838043
-347168.89814269542694
-347169.70827984809875
-347170.51516830921173
-347171.32083380222321
-347172.12215399742126
-347172.9281667470932
-347173.72913670539856
-347174.52633535861969
-347175.32315003871918
-347176.11665999889374
-347176.91139853000641
-347177.70424377918243
-347178.49293184280396
-347179.2809271812439
-347180.06756484508514
-347180.85243356227875
-347181.6345716714859
-347182.41743230819702
-347183.19764113426208
-347183.97579216957092
-347184.75233399868011
-347185.5258047580719
-347186.29752707481384
-347187.06915092468262
-347187.84070646762848
-347188.60886824131012
-347189.37594318389893
-347190.14126360416412
-347190.90663814544678
-347191.66991853713989
-347192.42838501930237
-347193.18670797348022
-347193.94656491279602
-347194.7044552564621
-347195.45819282531738
-347196.21246612071991
-347196.96079444885254
-347197.70980262756348
-347198.45619213581085
-347199.20222949981689
-347199.9468150138855
-347200.68891358375549
-347201.43194341659546
-347202.16907036304474
-347202.9079293012619
-347203.64493560791016
-347204.37992811203003
-347205.11243665218353
-347205.84424591064453
-347206.57135236263275
-347207.29951298236847
-347208.02632403373718
-347208.7526136636734
-347209.47598302364349
-347210.19667994976044
-347210.91397500038147
-347211.62948453426361
-347212.34372162818909
-347213.05781638622284
-347213.76938414573669
-347214.47867214679718
-347215.18884718418121
-347215.89811778068542
-347216.6004490852356
-347217.30193018913269
-347218.00149202346802
-347218.70259594917297
-347219.40134501457214
-347220.09828460216522
-347220.79210674762726
-347221.48520815372467
-347222.17616021633148
-347222.86619281768799
-347223.5537143945694
-347224.24228012561798
-347224.92589318752289
-347225.60973250865936
-347226.29180836677551
-347226.97310435771942
-347227.65088593959808
-347228.32705283164978
-347229.00014364719391
-347229.67063641548157
-347230.34155440330505
-347231.00940501689911
-347231.67848122119904
-347232.34536552429199
-347233.01142823696136
-347233.67307031154633
-347234.33444941043854
-347234.99217462539673
-347235.6500631570816
-347236.30520343780518
-347236.95847821235657
-347237.60891962051392
-347238.2563499212265
-347238.90539407730103
-347239.54935491085052
-347240.19178760051727
-347240.83588945865631
-347241.47937798500061
-347242.11442077159882
-347242.74959290027618
-347243.3831467628479
-347244.01511204242706
-347244.64915025234222
-347245.27687621116638
-347245.90508937835693
-347246.53292512893677
-347247.15842986106873
-347247.77947843074799
-347248.39936554431915
-347249.01869368553162
-347249.6340526342392
-347250.2511727809906
-347250.86727476119995
-347251.47704565525055
-347252.08835983276367
-347252.70117950439453
-347253.30725848674774
-347253.91138279438019
-347254.51387524604797
-347255.11497509479523
-347255.71542525291443
-347256.3127715587616
-347256.90824174880981
-347257.50158417224884
-347258.09575736522675
-347258.68581569194794
-347259.2726594209671
-347259.85859572887421
-347260.44693279266357
-347261.03205060958862
-347261.6119921207428
-347262.19284284114838
-347262.77097189426422
-347263.34692823886871
-347263.92144203186035
-347264.49444365501404
-347265.06664144992828
-347265.63361883163452
-347266.20036220550537
-347266.76638329029083
-347267.32783639431
-347267.89053213596344
-347268.44810104370117
-347269.00460302829742
-347269.56067180633545
-347270.11287009716034
-347270.66054224967957
-347271.20932507514954
-347271.75483357906342
-347272.30012464523315
-347272.84668493270874
-347273.38715255260468
-347273.92935752868652
-347274.47056460380554
-347275.00927555561066
-347275.54351317882538
-347276.0809166431427
-347276.61146283149719
-347277.1388920545578
-347277.66910815238953
-347278.19266450405121
-347278.71504211425781
-347279.23893082141876
-347279.75451171398163
-347280.27272474765778
-347280.78879308700562
-347281.30955100059509
-347281.81989645957947
-347282.32992029190063
-347282.83726179599762
-347283.34293472766876
-347283.85002374649048
-347284.35475707054138
-347284.85513162612915
-347285.35277736186981
-347285.84755754470825
-347286.34496378898621
-347286.83769404888153
-347287.32942533493042
-347287.81716442108154
-347288.30704462528229
-347288.79360735416412
-347289.27869307994843
-347289.76180803775787
-347290.23925709724426
-347290.71771013736725
-347291.19481348991394
-347291.66833865642548
-347292.14276623725891
-347292.61313676834106
-347293.08032023906708
-347293.54612922668457
-347294.01101672649384
-347294.47110080718994
-347294.93217754364014
-347295.3939026594162
-347295.85127890110016
-347296.30622625350952
-347296.76313054561615
-347297.21469366550446
-347297.66271674633026
-347298.10479509830475
-347298.5517543554306
-347298.99329686164856
-347299.43258106708527
-347299.87043631076813
-347300.30785429477692
-347300.74251902103424
-347301.17556440830231
-347301.61114859580994
-347302.03864049911499
-347302.46412360668182
-347302.88849627971649
-347303.30889475345612
-347303.72968113422394
-347304.15099358558655
-347304.56321859359741
-347304.97449994087219
-347305.38869059085846
-347305.79798460006714
-347306.20329165458679
-347306.60813629627228
-347307.01225090026855
-347307.41289186477661
-347307.81212759017944
-347308.21044182777405
-347308.61175918579102
-347309.00370419025421
-347309.39635038375854
-347309.78578591346741
-347310.17025566101074
-347310.55258011817932
-347310.93671119213104
-347311.32109606266022
-347311.70186972618103
-347312.07286584377289
-347312.44821166992188
-347312.82098376750946
-347313.19351482391357
-347313.56751191616058
-347313.93454790115356
-347314.3042733669281
-347314.66711711883545
-347315.02971374988556
-347315.39018392562866
-347315.74442327022552
-347316.09541821479797
-347316.44266641139984
-347316.79353845119476
-347317.14098274707794
-347317.48483455181122
-347317.82627034187317
-347318.16763842105865
-347318.50591206550598
-347318.84250867366791
-347319.18039298057556
-347319.51135551929474
-347319.83944404125214
-347320.16644310951233
-347320.49136519432068
-347320.8188419342041
-347321.14000105857849
-347321.45584106445312
-347321.77377891540527
-347322.08914148807526
-347322.40021622180939
-347322.71273517608643
-347323.02517867088318
-347323.32895028591156
-347323.63603627681732
-347323.94140636920929
-347324.2452335357666
-347324.54752433300018
-347324.8453756570816
-347325.14061307907104
-347325.43485844135284
-347325.72568297386169
-347326.01325738430023
-347326.29764795303345
-347326.58015871047974
-347326.85947799682617
-347327.13840818405151
-347327.41820478439331
-347327.69236493110657
-347327.96366107463837
-347328.23494291305542
-347328.50243735313416
-347328.76742124557495
-347329.03095901012421
-347329.29084765911102
-347329.54930472373962
-347329.80824267864227
-347330.06506180763245
-347330.31337916851044
-347330.56473016738892
-347330.81428456306458
-347331.06034982204437
-347331.30449914932251
-347331.54524922370911
-347331.7856148481369
-347332.02657735347748
-347332.26372873783112
-347332.49362683296204
-347332.72445952892303
-347332.9538916349411
-347333.18061804771423
-347333.40536022186279
-347333.62868702411652
-347333.84718585014343
-347334.06403982639313
-347334.28441476821899
-347334.49329900741577
-347334.70371675491333
-347334.9125497341156
-347335.11945056915283
-347335.32466328144073
-347335.52730453014374
-347335.73073065280914
-347335.92666363716125
-347336.12035799026489
-347336.31624317169189
-347336.50722765922546
-347336.69751930236816
-347336.87940645217896
-347337.06227624416351
-347337.24122190475464
-347337.42233002185822
-347337.59788954257965
-347337.77050065994263
-347337.94507253170013
-347338.11877715587616
-347338.28720474243164
-347338.44997453689575
-347338.61121296882629
-347338.77399039268494
-347338.93261981010437
-347339.09176099300385
-347339.25066065788269
-347339.39956474304199
-347339.54850780963898
-347339.70066404342651
-347339.84975361824036
-347340.00023746490479
-347340.14550399780273
-347340.28776180744171
-347340.43032729625702
-347340.56269598007202
-347340.69532799720764
-347340.82627499103546
-347340.95840156078339
-347341.08964049816132
-347341.21852588653564
-347341.34124362468719
-347341.4606831073761
-347341.57892858982086
-347341.68888401985168
-347341.79993104934692
-347341.90780818462372
-347342.01597595214844
-347342.11890268325806
-347342.22150349617004
-347342.32218718528748
-347342.42306458950043
-347342.52160692214966
-347342.62086451053619
-347342.71255612373352
-347342.80540466308594
-347342.8949933052063
-347342.98041296005249
-347343.06648421287537
-347343.14754319190979
-347343.22171306610107
-347343.29948794841766
-347343.37767362594604
-347343.4500675201416
-347343.51522421836853
-347343.58520293235779
-347343.64712488651276
-347343.70585525035858
-347343.77033483982086
-347343.83185017108917
-347343.8892115354538
-347343.94365453720093
-347343.99876761436462
-347344.05046987533569
-347344.10104548931122
-347344.1451131105423
-347344.18567168712616
-347344.22710049152374
-347344.27029836177826
-347344.30435848236084
-347344.3434294462204
-347344.38230907917023
-347344.41617035865784
-347344.44346642494202
-347344.46858739852905
-347344.48793113231659
-347344.51177835464478
-347344.52533376216888
-347344.54581487178802
-347344.55548715591431
-347344.56852948665619
-347344.57778966426849
-347344.58313488960266
-347344.59124708175659
-347344.59157693386078
-347344.59188973903656
-347344.59424531459808
-347344.58625471591949
-347344.57646000385284
-347344.56338107585907
-347344.54989016056061
-347344.54147946834564
-347344.51932835578918
-347344.5027437210083
-347344.48567450046539
-347344.46381485462189
-347344.43792164325714
-347344.41358184814453
-347344.38052475452423
-347344.34876430034637
-347344.31079423427582
-347344.27873110771179
-347344.2393411397934
-347344.19639301300049
-347344.15063107013702
-347344.10122501850128
-347344.04843139648438
-347343.99480307102203
-347343.93986678123474
-347343.88063776493073
-347343.81820023059845
-347343.75217950344086
-347343.68045270442963
-347343.61003029346466
-347343.53794145584106
-347343.46945250034332
-347343.38836467266083
-347343.30972969532013
-347343.23423135280609
-347343.15109407901764
-347343.06080508232117
-347342.9776211977005
-347342.88324558734894
-347342.78747475147247
-347342.69230699539185
-347342.58733355998993
-347342.48274624347687
-347342.37927782535553
-347342.26784729957581
-347342.15397667884827
-347342.03554320335388
-347341.91292142868042
-347341.7942430973053
-347341.67295289039612
-347341.55211126804352
-347341.42645668983459
-347341.29210722446442
-347341.15082907676697
-347341.0128298997879
-347340.8711895942688
-347340.72691690921783
-347340.58225333690643
-347340.42949104309082
-347340.27369725704193
-347340.11256110668182
-347339.95685374736786
-347339.79734063148499
-347339.6297607421875
-347339.45408761501312
-347339.27788472175598
-347339.10126340389252
-347338.92228186130524
-347338.73796963691711
-347338.55370485782623
-347338.37085771560669
-347338.18173658847809
-347337.98694229125977
-347337.78723812103271
-347337.58503675460815
-347337.38120365142822
-347337.16933298110962
-347336.95511174201965
-347336.74611866474152
-347336.52432548999786
-347336.30218505859375
-347336.08030915260315
-347335.85139131546021
-347335.62608647346497
-347335.39167082309723
-347335.15704357624054
-347334.91960299015045
-347334.67485213279724
-347334.42987990379333
-347334.18526721000671
-347333.9317672252655
-347333.67987215518951
-347333.42006373405457
-347333.15895438194275
-347332.89188528060913
-347332.62606132030487
-347332.36132299900055
-347332.09329986572266
-347331.82354390621185
-347331.55388402938843
-347331.27256107330322
-347330.98681962490082
-347330.6906042098999
-347330.4007773399353
-347330.10704600811005
-347329.79948079586029
-347329.49319362640381
-347329.18442726135254
-347328.8744181394577
-347328.55984830856323
-347328.23744797706604
-347327.92079150676727
-347327.59256386756897
-347327.26211297512054
-347326.92947769165039
-347326.5956894159317
-347326.25056064128876
-347325.90392506122589
-347325.5594584941864
-347325.2110470533371
-347324.85829973220825
-347324.49791467189789
-347324.13851296901703
-347323.76477944850922
-347323.39036405086517
-347323.01861429214478
-347322.63977098464966
-347322.25944375991821
-347321.87082207202911
-347321.48409199714661
-347321.08904278278351
-347320.69121515750885
-347320.29655849933624
-347319.89349257946014
-347319.48488140106201
-347319.06656932830811
-347318.65617704391479
-347318.23383522033691
-347317.80896818637848
-347317.37915575504303
-347316.94582056999207
-347316.50214457511902
-347316.06182241439819
-347315.6201605796814
-347315.17133724689484
-347314.72027063369751
-347314.25618016719818
-347313.79478847980499
-347313.3251713514328
-347312.85944545269012
-347312.3874009847641
-347311.90927612781525
-347311.42240607738495
-347310.93937504291534
-347310.4502557516098
-347309.9499751329422
-347309.45456767082214
-347308.94619107246399
-347308.43974959850311
-347307.9299932718277
-347307.4160875082016
-347306.89531397819519
-347306.36600744724274
-347305.83267998695374
-347305.29835510253906
-347304.76522958278656
-347304.22490990161896
-347303.68154442310333
-347303.1288321018219
-347302.5697420835495
-347301.99882125854492
-347301.4325737953186
-347300.86636364459991
-347300.29340827465057
-347299.71124744415283
-347299.1252715587616
-347298.53622877597809
-347297.94933772087097
-347297.34445154666901
-347296.73247063159943
-347296.12046110630035
-347295.51223242282867
-347294.89701700210571
-347294.26953673362732
-347293.63355958461761
-347292.99936401844025
-347292.36764705181122
-347291.71706175804138
-347291.06609058380127
-347290.40256893634796
-347289.74675607681274
-347289.07430267333984
-347288.40577304363251
-347287.72772145271301
-347287.05041432380676
-347286.3565948009491
-347285.67352402210236
-347284.99174773693085
-347284.3009090423584
-347283.59542071819305
-347282.88705325126648
-347282.17398881912231
-347281.44635152816772
-347280.73330318927765
-347279.99983859062195
-347279.27410209178925
-347278.53449881076813
-347277.78622424602509
-347277.04596388339996
-347276.3030754327774
-347275.54677724838257
-347274.78619146347046
-347274.03043341636658
-347273.25772249698639
-347272.47081434726715
-347271.6753842830658
-347270.88525974750519
-347270.0920821428299
-347269.29227662086487
-347268.48504757881165
-347267.68250107765198
-347266.85554099082947
-347266.02706432342529
-347265.19209885597229
-347264.35419845581055
-347263.5110342502594
-347262.67401516437531
-347261.81583595275879
-347260.95628309249878
-347260.09580743312836
-347259.21732580661774
-347258.34582245349884
-347257.45771288871765
-347256.57196593284607
-347255.67675137519836
-347254.76981484889984
-347253.85564112663269
